mark,name_model,type_of_car,type_of_drive,type_fuel,engine,power,mileage,is_broken,price,year
ford,transit,микроавтобус,передний,дизель,2.2 MT (85 л.с.),85,443574,False,890000,2007
ford,transit,микроавтобус,задний,дизель,2.4 MT (62 л.с.),62,90000,False,903000,1977
ford,transit,фургон,задний,дизель,2.2 MT (135 л.с.),135,370000,False,1650000,2016
ford,transit,фургон,задний,дизель,2.2 MT (155 л.с.),155,531062,False,799000,2011
ford,transit,фургон,задний,дизель,2.4 MT (140 л.с.),140,470000,False,1499000,2013
ford,transit,фургон,передний,дизель,2.2 MT (85 л.с.),85,251000,False,1000000,2008
ford,transit,фургон,задний,дизель,2.4 MT (115 л.с.),115,214000,False,950000,2008
ford,transit,фургон,задний,дизель,2.2 MT (135 л.с.),135,165,False,6500000,2022
ford,transit,фургон,задний,дизель,2.2 MT (135 л.с.),135,19749,False,3500000,2019
ford,transit,фургон,задний,дизель,2.2 MT (135 л.с.),135,160,False,6510000,2022
ford,transit,фургон,передний,дизель,2.2 MT (125 л.с.),125,140045,False,3850000,2020
ford,transit,микроавтобус,передний,дизель,2.2 MT (125 л.с.),125,195947,False,2390000,2016
ford,transit,фургон,передний,дизель,2.2 MT (155 л.с.),155,183472,False,2950000,2018
ford,transit,фургон,передний,дизель,2.2 MT (155 л.с.),155,259152,False,2850000,2018
ford,transit,фургон,передний,дизель,2.2 MT (125 л.с.),125,147562,False,3150000,2019
ford,transit,фургон,передний,дизель,2.2 MT (125 л.с.),125,79757,False,4800000,2021
ford,transit,фургон,передний,дизель,2.2 MT (125 л.с.),125,46530,False,4970000,2021
ford,transit,фургон,передний,дизель,2.2 MT (155 л.с.),155,131792,False,2950000,2018
ford,transit,микроавтобус,задний,дизель,2.2 MT (135 л.с.),135,15841,False,5520000,2021
ford,transit,фургон,задний,дизель,2.2 MT (135 л.с.),135,64903,False,6100000,2022
ford,transit,фургон,передний,дизель,2.2 MT (125 л.с.),125,115763,False,2298000,2019
ford,transit,фургон,передний,дизель,2.2 MT (125 л.с.),125,127145,False,3650000,2021
ford,transit,фургон,передний,дизель,2.2 MT (125 л.с.),125,103247,False,4750000,2021
ford,transit,фургон,задний,дизель,2.2 MT (135 л.с.),135,110937,False,3950000,2019
ford,transit,фургон,полный,дизель,2.2 MT (125 л.с.),125,5327,False,5350000,2022
ford,transit,фургон,передний,дизель,2.2 MT (125 л.с.),125,76923,False,3450000,2019
ford,transit,пикап,задний,дизель,2.2 MT (155 л.с.),155,87070,False,3550999,2021
ford,transit,фургон,передний,дизель,2.2 MT (125 л.с.),125,28587,False,4650000,2022
ford,transit,фургон,передний,дизель,2.2 MT (125 л.с.),125,60201,False,4520000,2022
ford,transit,микроавтобус,задний,дизель,2.2 MT (135 л.с.),135,370519,False,1690000,2017
ford,transit,фургон,передний,дизель,2.2 MT (125 л.с.),125,63525,False,4350000,2022
ford,transit,фургон,передний,дизель,2.2 MT (125 л.с.),125,116766,False,3650000,2021
ford,transit,фургон,задний,дизель,2.2 MT (135 л.с.),135,2739,False,6300000,2022
ford,transit,фургон,передний,дизель,2.2 MT (125 л.с.),125,10542,False,4590000,2018
ford,transit,фургон,передний,дизель,2.2 MT (125 л.с.),125,152922,False,3350000,2020
ford,transit,фургон,передний,дизель,2.2 MT (125 л.с.),125,55020,False,4400000,2022
ford,transit,фургон,передний,дизель,2.2 MT (125 л.с.),125,98485,False,3410000,2019
ford,transit,фургон,передний,дизель,2.2 MT (125 л.с.),125,47917,False,4100000,2020
ford,transit,фургон,передний,дизель,2.2 MT (125 л.с.),125,60813,False,4830000,2021
ford,transit,фургон,передний,дизель,2.2 MT (125 л.с.),125,150491,False,1990999,2018
ford,transit,пикап,задний,дизель,2.2 MT (155 л.с.),155,244000,False,1699000,2015
ford,transit,фургон,задний,дизель,2.2 MT (125 л.с.),125,154000,False,2050000,2018
ford,transit,пикап,задний,дизель,2.2 MT (125 л.с.),125,78000,False,2599000,2020
ford,transit,фургон,передний,дизель,2.2 MT (125 л.с.),125,170150,False,2200000,2018
ford,transit,пикап,задний,дизель,2.2 MT (125 л.с.),125,90160,False,2549000,2020
ford,transit,пикап,задний,дизель,2.2 MT (155 л.с.),155,98783,False,3530999,2021
ford,transit,пикап,задний,дизель,2.2 MT (125 л.с.),125,91000,False,2299000,2019
ford,transit,пикап,задний,дизель,2.2 MT (125 л.с.),125,113000,False,1999000,2018
ford,transit,фургон,задний,дизель,2.2 MT (125 л.с.),125,78132,False,3500555,2020
ford,transit,фургон,передний,дизель,2.2 MT (125 л.с.),125,100638,False,2470999,2019
ford,transit,фургон,задний,дизель,2.2 MT (125 л.с.),125,97000,False,2299000,2019
ford,transit,фургон,задний,дизель,2.2 MT (125 л.с.),125,58977,False,3800555,2021
ford,transit,микроавтобус,задний,дизель,2.2 MT (125 л.с.),125,80111,False,2549000,2020
ford,transit,фургон,передний,дизель,2.2 MT (125 л.с.),125,56407,False,2690999,2019
ford,transit,фургон,задний,дизель,2.2 MT (125 л.с.),125,108300,False,2549000,2020
ford,transit,пикап,задний,дизель,2.2 MT (125 л.с.),125,125000,False,1999000,2018
ford,transit,фургон,передний,дизель,2.2 MT (125 л.с.),125,169297,False,2520999,2019
ford,transit_connect,фургон,передний,дизель,1.8 MT (90 л.с.),90,190000,False,420000,2008
ford,transit_connect,фургон,передний,дизель,1.8 MT (90 л.с.),90,280000,False,520000,2008
ford,transit_connect,фургон,передний,дизель,1.8 MT (90 л.с.),90,333000,False,280000,2008
gac,gs8,внедорожник,полный,бензин,2.0 AT (248 л.с.),248,10,False,4299000,2023
geely,atlas,внедорожник,полный,бензин,2.4 AT (149 л.с.),149,37818,False,2139000,2019
geely,atlas_pro,внедорожник,передний,бензин,1.5 AT (177 л.с.),177,85,False,3199000,2023
geely,coolray,внедорожник,передний,бензин,1.5 AMT (174 л.с.),174,388,False,2950000,2023
geely,coolray,внедорожник,передний,бензин,1.5 AMT (150 л.с.),150,10000,False,2250000,2020
geely,coolray,внедорожник,передний,бензин,1.5 AMT (150 л.с.),150,38458,False,2067000,2021
geely,coolray,внедорожник,передний,бензин,1.5 AMT (150 л.с.),150,23300,False,2345000,2022
geely,coolray,внедорожник,передний,бензин,1.5 AMT (150 л.с.),150,48678,False,2199000,2021
geely,coolray,внедорожник,передний,бензин,1.5 AMT (150 л.с.),150,3866,False,3499000,2022
geely,coolray,внедорожник,передний,бензин,1.5 AMT (150 л.с.),150,31302,False,2255000,2021
geely,mk,седан,передний,бензин,1.5 MT (94 л.с.),94,193000,False,140000,2010
geely,mk,седан,передний,бензин,1.5 MT (94 л.с.),94,96500,False,150000,2012
geely,mk,седан,передний,бензин,1.5 MT (94 л.с.),94,133000,False,340000,2014
geely,mk_cross,хетчбэк,передний,бензин,1.5 MT (94 л.с.),94,196000,False,220000,2012
geely,mk_cross,хетчбэк,передний,бензин,1.5 MT (94 л.с.),94,75,False,1190000,2014
geely,mk_cross,хетчбэк,передний,бензин,1.5 MT (94 л.с.),94,170000,True,150000,2013
geely,monjaro,внедорожник,полный,бензин,2.0 AT (238 л.с.),238,600,False,4300000,2023
geely,monjaro,внедорожник,полный,бензин,2.0 AT (238 л.с.),238,600,False,4300000,2023
geely,monjaro,внедорожник,полный,бензин,2.0 AT (238 л.с.),238,100,False,4399500,2023
geely,tugella,внедорожник,полный,бензин,2.0 AT (238 л.с.),238,34870,False,3799000,2022
geely,tugella,внедорожник,полный,бензин,2.0 AT (238 л.с.),238,18909,False,3504000,2021
genesis,gv80,внедорожник,полный,дизель,3.0 AT (278 л.с.),278,41000,False,6000000,2020
gmc,envoy,внедорожник,полный,бензин,4.2 AT (273 л.с.),273,280000,False,400000,2002
gmc,terrain,внедорожник,полный,бензин,1.5 AT (170 л.с.),170,24408,False,3550000,2022
gmc,terrain,внедорожник,полный,бензин,1.5 AT (173 л.с.),173,107953,False,2350000,2017
golden_dragon,mpv,микроавтобус,задний,бензин,2.2 MT (100 л.с.),100,250000,False,130000,2006
great_wall,deer,пикап,полный,бензин,2.2 MT (105 л.с.),105,22778,False,350000,2005
great_wall,hover_h3,внедорожник,полный,бензин,2.0 MT (122 л.с.),122,170450,False,699000,2011
great_wall,hover_h3,внедорожник,полный,бензин,2.0 MT (122 л.с.),122,186633,False,733000,2011
great_wall,hover_h3,внедорожник,полный,бензин,2.0 MT (115 л.с.),115,142243,False,949000,2014
great_wall,hover_h3,внедорожник,полный,бензин,2.0 MT (122 л.с.),122,121400,False,785000,2011
great_wall,hover_h3,внедорожник,полный,бензин,2.0 MT (116 л.с.),116,162000,False,855000,2015
great_wall,hover_h3,внедорожник,полный,бензин,2.0 MT (115 л.с.),115,156000,False,790000,2013
great_wall,hover_h3,внедорожник,полный,бензин,2.0 MT (115 л.с.),115,210646,False,690000,2013
great_wall,hover_h5,внедорожник,полный,дизель,2.0 AT (143 л.с.),143,86389,False,979000,2014
great_wall,hover_m2,универсал,передний,бензин,1.5 MT (99 л.с.),99,310000,False,450000,2013
great_wall,poer,пикап,полный,дизель,2.0 AT (150 л.с.),150,0,False,3629000,2023
great_wall,poer,пикап,полный,дизель,2.0 AT (150 л.с.),150,0,False,3629000,2023
great_wall,poer,пикап,полный,дизель,2.0 AT (150 л.с.),150,0,False,3629000,2023
great_wall,poer,пикап,полный,дизель,2.0 AT (150 л.с.),150,0,False,3629000,2023
great_wall,poer,пикап,полный,дизель,2.0 AT (150 л.с.),150,0,False,3629000,2023
great_wall,poer,пикап,полный,дизель,2.0 AT (150 л.с.),150,0,False,3629000,2023
great_wall,poer,пикап,полный,дизель,2.0 AT (150 л.с.),150,0,False,3629000,2023
great_wall,poer,пикап,полный,дизель,2.0 AT (150 л.с.),150,0,False,3629000,2023
great_wall,poer,пикап,полный,дизель,2.0 AT (150 л.с.),150,0,False,3629000,2023
great_wall,poer,пикап,полный,дизель,2.0 AT (150 л.с.),150,0,False,3629000,2023
great_wall,poer,пикап,полный,дизель,2.0 AT (150 л.с.),150,0,False,3629000,2023
great_wall,poer,пикап,полный,дизель,2.0 AT (150 л.с.),150,0,False,3629000,2023
great_wall,poer,пикап,полный,дизель,2.0 AT (150 л.с.),150,0,False,3629000,2023
great_wall,poer,пикап,полный,дизель,2.0 AT (150 л.с.),150,0,False,3629000,2023
great_wall,poer,пикап,полный,дизель,2.0 AT (150 л.с.),150,0,False,3629000,2023
great_wall,poer,пикап,полный,дизель,2.0 AT (150 л.с.),150,0,False,3629000,2023
great_wall,poer,пикап,полный,дизель,2.0 AT (150 л.с.),150,0,False,3629000,2023
great_wall,poer,пикап,полный,дизель,2.0 AT (150 л.с.),150,0,False,3629000,2023
great_wall,poer_kingkong,пикап,полный,дизель,2.0 MT (150 л.с.),150,0,False,2549150,2023
great_wall,poer_kingkong,пикап,полный,дизель,2.0 MT (150 л.с.),150,0,False,2753150,2023
great_wall,poer_kingkong,пикап,полный,бензин,2.0 MT (190 л.с.),190,0,False,2549150,2023
great_wall,poer_kingkong,пикап,полный,бензин,2.0 MT (190 л.с.),190,0,False,2549150,2023
great_wall,poer_kingkong,пикап,полный,дизель,2.0 MT (150 л.с.),150,0,False,2549150,2023
great_wall,poer_kingkong,пикап,полный,дизель,2.0 MT (150 л.с.),150,0,False,2549150,2023
great_wall,poer_kingkong,пикап,полный,дизель,2.0 MT (150 л.с.),150,0,False,2549150,2023
great_wall,poer_kingkong,пикап,полный,дизель,2.0 MT (150 л.с.),150,0,False,2549150,2023
great_wall,poer_kingkong,пикап,полный,дизель,2.0 MT (150 л.с.),150,0,False,2549150,2023
great_wall,poer_kingkong,пикап,полный,дизель,2.0 MT (150 л.с.),150,0,False,2549150,2023
great_wall,poer_kingkong,пикап,полный,дизель,2.0 MT (150 л.с.),150,0,False,2719150,2023
great_wall,poer_kingkong,пикап,полный,дизель,2.0 MT (150 л.с.),150,0,False,2549150,2023
great_wall,poer_kingkong,пикап,полный,дизель,2.0 MT (150 л.с.),150,0,False,2719150,2023
great_wall,poer_kingkong,пикап,полный,дизель,2.0 MT (150 л.с.),150,0,False,2719150,2023
great_wall,poer_kingkong,пикап,полный,дизель,2.0 MT (150 л.с.),150,0,False,2549150,2023
great_wall,poer_kingkong,пикап,полный,дизель,2.0 MT (150 л.с.),150,0,False,2549150,2023
great_wall,poer_kingkong,пикап,полный,дизель,2.0 MT (150 л.с.),150,0,False,2549150,2023
great_wall,poer_kingkong,пикап,полный,дизель,2.0 MT (150 л.с.),150,0,False,2549150,2023
great_wall,poer_kingkong,пикап,полный,бензин,2.0 MT (190 л.с.),190,0,False,2549150,2023
great_wall,poer_kingkong,пикап,полный,дизель,2.0 MT (150 л.с.),150,0,False,2753150,2023
great_wall,poer_kingkong,пикап,полный,дизель,2.0 MT (150 л.с.),150,0,False,2549150,2023
great_wall,poer_kingkong,пикап,полный,дизель,2.0 MT (150 л.с.),150,0,False,2549150,2023
great_wall,poer_kingkong,пикап,полный,дизель,2.0 MT (150 л.с.),150,0,False,2549150,2023
great_wall,poer_kingkong,пикап,полный,бензин,2.0 MT (190 л.с.),190,0,False,3207200,2023
great_wall,poer_kingkong,пикап,полный,дизель,2.0 MT (150 л.с.),150,0,False,2753150,2023
great_wall,poer_kingkong,пикап,полный,дизель,2.0 MT (150 л.с.),150,0,False,2719150,2023
great_wall,safe,внедорожник,полный,бензин,2.2 MT (105 л.с.),105,160000,False,390000,2006
great_wall,safe,внедорожник,полный,бензин,2.2 MT (105 л.с.),105,160000,False,390000,2006
great_wall,sailor,пикап,задний,бензин,2.2 MT (105 л.с.),105,160000,False,230000,2006
great_wall,wingle,пикап,полный,бензин,2.2 MT (110 л.с.),110,81000,False,333000,2011
haval,dargo,внедорожник,полный,бензин,2.0 AMT (192 л.с.),192,8721,False,3399000,2022
haval,dargo,внедорожник,полный,бензин,2.0 AMT (192 л.с.),192,0,False,3169000,2023
haval,dargo,внедорожник,полный,бензин,2.0 AMT (192 л.с.),192,0,False,3169000,2023
haval,dargo,внедорожник,полный,бензин,2.0 AMT (192 л.с.),192,0,False,3109000,2023
haval,dargo,внедорожник,полный,бензин,2.0 AMT (192 л.с.),192,12494,False,3599500,2022
haval,dargo,внедорожник,передний,бензин,2.0 AMT (192 л.с.),192,0,False,2999000,2023
haval,dargo,внедорожник,передний,бензин,2.0 AMT (192 л.с.),192,0,False,2999000,2023
haval,dargo,внедорожник,передний,бензин,2.0 AMT (192 л.с.),192,0,False,2999000,2023
haval,dargo,внедорожник,полный,бензин,2.0 AMT (192 л.с.),192,0,False,2919000,2023
haval,dargo,внедорожник,полный,бензин,2.0 AMT (192 л.с.),192,0,False,3109000,2023
haval,dargo,внедорожник,полный,бензин,2.0 AMT (192 л.с.),192,0,False,2919000,2023
haval,dargo,внедорожник,полный,бензин,2.0 AMT (192 л.с.),192,0,False,3169000,2023
haval,dargo,внедорожник,полный,бензин,2.0 AMT (192 л.с.),192,0,False,3109000,2023
haval,dargo,внедорожник,полный,бензин,2.0 AMT (192 л.с.),192,0,False,3109000,2023
haval,dargo,внедорожник,передний,бензин,2.0 AMT (192 л.с.),192,0,False,2999000,2023
haval,dargo,внедорожник,полный,бензин,2.0 AMT (192 л.с.),192,0,False,2919000,2023
haval,dargo,внедорожник,полный,бензин,2.0 AMT (192 л.с.),192,0,False,3169000,2023
haval,dargo_x,внедорожник,полный,бензин,2.0 AMT (192 л.с.),192,0,False,3289000,2023
haval,dargo_x,внедорожник,полный,бензин,2.0 AMT (192 л.с.),192,0,False,3189000,2023
haval,dargo_x,внедорожник,полный,бензин,2.0 AMT (192 л.с.),192,0,False,3499000,2023
haval,dargo_x,внедорожник,полный,бензин,2.0 AMT (192 л.с.),192,0,False,3189000,2023
haval,dargo_x,внедорожник,полный,бензин,2.0 AMT (192 л.с.),192,0,False,3289000,2023
haval,dargo_x,внедорожник,полный,бензин,2.0 AMT (192 л.с.),192,0,False,3289000,2023
haval,dargo_x,внедорожник,полный,бензин,2.0 AMT (192 л.с.),192,0,False,3269000,2023
haval,dargo_x,внедорожник,полный,бензин,2.0 AMT (192 л.с.),192,0,False,3189000,2023
haval,dargo_x,внедорожник,полный,бензин,2.0 AMT (192 л.с.),192,0,False,3289000,2023
haval,f7,внедорожник,передний,бензин,1.5 AMT (150 л.с.),150,0,False,2270000,2023
haval,f7,внедорожник,передний,бензин,1.5 AMT (150 л.с.),150,0,False,2319000,2023
haval,f7,внедорожник,передний,бензин,1.5 AMT (150 л.с.),150,0,False,2319000,2023
haval,f7,внедорожник,передний,бензин,1.5 AMT (150 л.с.),150,0,False,2270000,2023
haval,f7,внедорожник,передний,бензин,1.5 AMT (150 л.с.),150,0,False,2270000,2023
haval,f7,внедорожник,передний,бензин,1.5 AMT (150 л.с.),150,0,False,2319000,2023
haval,f7,внедорожник,передний,бензин,1.5 AMT (150 л.с.),150,61091,False,2179000,2020
haval,f7,внедорожник,полный,бензин,1.5 AMT (150 л.с.),150,59000,False,2450000,2021
haval,f7,внедорожник,полный,бензин,2.0 AMT (190 л.с.),190,30954,False,2850000,2020
haval,f7,внедорожник,передний,бензин,1.5 AMT (150 л.с.),150,48989,False,2095000,2020
haval,f7,внедорожник,передний,бензин,1.5 AMT (150 л.с.),150,0,False,2270000,2023
haval,f7,внедорожник,передний,бензин,1.5 AMT (150 л.с.),150,71707,False,2100000,2019
haval,f7,внедорожник,передний,бензин,1.5 AMT (150 л.с.),150,0,False,2270000,2023
haval,f7,внедорожник,полный,бензин,1.5 AMT (150 л.с.),150,0,False,2419000,2023
haval,f7,внедорожник,полный,бензин,2.0 AMT (190 л.с.),190,31000,False,2399000,2021
haval,f7,внедорожник,полный,бензин,1.5 AMT (150 л.с.),150,0,False,2419000,2023
haval,f7,внедорожник,передний,бензин,1.5 AMT (150 л.с.),150,0,False,2319000,2023
haval,f7,внедорожник,полный,бензин,2.0 AMT (190 л.с.),190,0,False,3079000,2023
haval,f7,внедорожник,полный,бензин,1.5 AMT (150 л.с.),150,0,False,2419000,2023
haval,f7,внедорожник,полный,бензин,2.0 AMT (190 л.с.),190,0,False,3470430,2023
haval,f7,внедорожник,передний,бензин,1.5 AMT (150 л.с.),150,0,False,2270000,2023
haval,f7,внедорожник,передний,бензин,1.5 AMT (150 л.с.),150,0,False,2319000,2023
haval,f7,внедорожник,передний,бензин,1.5 AMT (150 л.с.),150,0,False,2270000,2023
haval,f7,внедорожник,полный,бензин,1.5 AMT (150 л.с.),150,0,False,2369000,2023
haval,f7,внедорожник,полный,бензин,2.0 AMT (190 л.с.),190,0,False,2619000,2023
haval,f7,внедорожник,полный,бензин,2.0 AMT (190 л.с.),190,0,False,2799000,2023
haval,f7,внедорожник,полный,бензин,2.0 AMT (190 л.с.),190,0,False,2719000,2023
haval,f7,внедорожник,полный,бензин,2.0 AMT (190 л.с.),190,0,False,2719000,2023
haval,f7,внедорожник,передний,бензин,1.5 AMT (150 л.с.),150,0,False,2319000,2023
haval,f7,внедорожник,полный,бензин,1.5 AMT (150 л.с.),150,0,False,2369000,2023
haval,f7,внедорожник,полный,бензин,1.5 AMT (150 л.с.),150,0,False,2419000,2023
haval,f7,внедорожник,полный,бензин,1.5 AMT (150 л.с.),150,0,False,2369000,2023
haval,f7,внедорожник,полный,бензин,2.0 AMT (190 л.с.),190,0,False,2799000,2023
haval,f7,внедорожник,полный,бензин,2.0 AMT (190 л.с.),190,0,False,2719000,2023
haval,f7,внедорожник,полный,бензин,2.0 AMT (190 л.с.),190,0,False,2619000,2023
haval,f7,внедорожник,полный,бензин,2.0 AMT (190 л.с.),190,0,False,2799000,2023
haval,f7,внедорожник,полный,бензин,2.0 AMT (190 л.с.),190,0,False,2619000,2023
haval,f7,внедорожник,полный,бензин,2.0 AMT (190 л.с.),190,0,False,2799000,2023
haval,f7,внедорожник,полный,бензин,2.0 AMT (190 л.с.),190,0,False,2799000,2023
haval,f7x,внедорожник,передний,бензин,1.5 AMT (150 л.с.),150,0,False,2369000,2023
haval,f7x,внедорожник,полный,бензин,1.5 AMT (150 л.с.),150,0,False,2409000,2023
haval,f7x,внедорожник,полный,бензин,1.5 AMT (150 л.с.),150,0,False,2337000,2023
haval,f7x,внедорожник,полный,бензин,1.5 AMT (150 л.с.),150,0,False,2337000,2023
haval,f7x,внедорожник,полный,бензин,1.5 AMT (150 л.с.),150,60806,False,2624000,2021
haval,f7x,внедорожник,передний,бензин,1.5 AMT (150 л.с.),150,41000,False,2300000,2021
haval,f7x,внедорожник,передний,бензин,1.5 AMT (150 л.с.),150,0,False,2219000,2023
haval,f7x,внедорожник,полный,бензин,2.0 AMT (190 л.с.),190,12,False,2939000,2022
haval,f7x,внедорожник,полный,бензин,2.0 AMT (190 л.с.),190,0,False,2619000,2023
haval,f7x,внедорожник,полный,бензин,2.0 AMT (190 л.с.),190,0,False,3379000,2023
haval,f7x,внедорожник,передний,бензин,1.5 AMT (150 л.с.),150,0,False,2629000,2023
haval,f7x,внедорожник,полный,бензин,1.5 AMT (150 л.с.),150,0,False,3063800,2023
haval,f7x,внедорожник,полный,бензин,1.5 AMT (150 л.с.),150,0,False,2337000,2023
haval,f7x,внедорожник,полный,бензин,1.5 AMT (150 л.с.),150,0,False,2337000,2023
haval,f7x,внедорожник,передний,бензин,1.5 AMT (150 л.с.),150,0,False,2219000,2023
haval,f7x,внедорожник,передний,бензин,1.5 AMT (150 л.с.),150,0,False,2369000,2023
haval,f7x,внедорожник,передний,бензин,1.5 AMT (150 л.с.),150,0,False,2219000,2023
haval,f7x,внедорожник,полный,бензин,2.0 AMT (190 л.с.),190,0,False,3089000,2023
haval,f7x,внедорожник,полный,бензин,2.0 AMT (190 л.с.),190,0,False,3069000,2023
haval,f7x,внедорожник,полный,бензин,1.5 AMT (150 л.с.),150,0,False,2409000,2023
haval,f7x,внедорожник,полный,бензин,1.5 AMT (150 л.с.),150,0,False,2337000,2023
haval,f7x,внедорожник,передний,бензин,1.5 AMT (150 л.с.),150,0,False,2369000,2023
haval,f7x,внедорожник,полный,бензин,1.5 AMT (150 л.с.),150,0,False,2409000,2023
haval,f7x,внедорожник,полный,бензин,2.0 AMT (190 л.с.),190,0,False,3089000,2023
haval,f7x,внедорожник,полный,бензин,1.5 AMT (150 л.с.),150,0,False,2409000,2023
haval,f7x,внедорожник,передний,бензин,1.5 AMT (150 л.с.),150,0,False,2219000,2023
haval,f7x,внедорожник,полный,бензин,1.5 AMT (150 л.с.),150,0,False,2409000,2023
haval,f7x,внедорожник,полный,бензин,1.5 AMT (150 л.с.),150,0,False,2337000,2023
haval,f7x,внедорожник,полный,бензин,2.0 AMT (190 л.с.),190,0,False,2619000,2023
haval,f7x,внедорожник,полный,бензин,2.0 AMT (190 л.с.),190,0,False,2619000,2023
haval,f7x,внедорожник,полный,бензин,2.0 AMT (190 л.с.),190,0,False,3069000,2023
haval,f7x,внедорожник,полный,бензин,2.0 AMT (190 л.с.),190,0,False,2619000,2022
haval,f7x,внедорожник,полный,бензин,2.0 AMT (190 л.с.),190,0,False,3069000,2023
haval,f7x,внедорожник,полный,бензин,2.0 AMT (190 л.с.),190,0,False,3089000,2023
haval,f7x,внедорожник,полный,бензин,2.0 AMT (190 л.с.),190,0,False,3069000,2023
haval,h2,внедорожник,передний,бензин,1.5 AT (143 л.с.),143,94000,False,1650000,2016
haval,h5,внедорожник,полный,бензин,2.0 MT (150 л.с.),150,69000,False,1950000,2021
haval,h6,внедорожник,полный,бензин,1.5 MT (143 л.с.),143,74961,False,1849000,2019
haval,h6,внедорожник,передний,бензин,1.5 MT (143 л.с.),143,105324,False,1730000,2019
haval,h9,внедорожник,полный,дизель,2.0 AT (190 л.с.),190,0,False,4518395,2023
haval,h9,внедорожник,полный,бензин,2.0 AT (218 л.с.),218,0,False,3969000,2023
haval,h9,внедорожник,полный,дизель,2.0 AT (190 л.с.),190,0,False,4331820,2023
haval,h9,внедорожник,полный,бензин,2.0 AT (218 л.с.),218,0,False,3969000,2023
haval,h9,внедорожник,полный,бензин,2.0 AT (218 л.с.),218,0,False,3969000,2021
haval,h9,внедорожник,полный,дизель,2.0 AT (190 л.с.),190,0,False,4089000,2023
haval,h9,внедорожник,полный,бензин,2.0 AT (218 л.с.),218,0,False,4339000,2023
haval,h9,внедорожник,полный,дизель,2.0 AT (190 л.с.),190,0,False,4089000,2023
haval,h9,внедорожник,полный,бензин,2.0 AT (218 л.с.),218,0,False,4299000,2023
haval,h9,внедорожник,полный,бензин,2.0 AT (218 л.с.),218,0,False,4402000,2023
haval,h9,внедорожник,полный,дизель,2.0 AT (190 л.с.),190,0,False,4089000,2023
haval,h9,внедорожник,полный,дизель,2.0 AT (190 л.с.),190,0,False,4089000,2023
haval,h9,внедорожник,полный,бензин,2.0 AT (218 л.с.),218,0,False,3969000,2023
haval,h9,внедорожник,полный,дизель,2.0 AT (190 л.с.),190,0,False,4089000,2023
haval,h9,внедорожник,полный,бензин,2.0 AT (218 л.с.),218,0,False,3969000,2023
haval,h9,внедорожник,полный,бензин,2.0 AT (218 л.с.),218,0,False,3969000,2023
haval,h9,внедорожник,полный,дизель,2.0 AT (190 л.с.),190,0,False,4089000,2023
haval,h9,внедорожник,полный,бензин,2.0 AT (218 л.с.),218,0,False,3969000,2023
haval,h9,внедорожник,полный,бензин,2.0 AT (218 л.с.),218,0,False,4299000,2023
haval,h9,внедорожник,полный,бензин,2.0 AT (218 л.с.),218,0,False,3969000,2023
haval,h9,внедорожник,полный,бензин,2.0 AT (218 л.с.),218,0,False,3969000,2021
haval,h9,внедорожник,полный,бензин,2.0 AT (218 л.с.),218,0,False,3969000,2023
haval,h9,внедорожник,полный,дизель,2.0 AT (190 л.с.),190,0,False,4089000,2023
haval,h9,внедорожник,полный,бензин,2.0 AT (218 л.с.),218,0,False,3969000,2023
haval,h9,внедорожник,полный,бензин,2.0 AT (218 л.с.),218,0,False,3969000,2022
haval,h9,внедорожник,полный,бензин,2.0 AT (218 л.с.),218,0,False,3969000,2023
haval,h9,внедорожник,полный,бензин,2.0 AT (245 л.с.),245,140000,False,2699000,2019
haval,h9,внедорожник,полный,дизель,2.0 AT (190 л.с.),190,0,False,4089000,2023
haval,h9,внедорожник,полный,бензин,2.0 AT (245 л.с.),245,42350,False,3050000,2019
haval,h9,внедорожник,полный,дизель,2.0 AT (190 л.с.),190,0,False,4089000,2023
haval,h9,внедорожник,полный,бензин,2.0 AT (218 л.с.),218,0,False,4339000,2023
haval,h9,внедорожник,полный,бензин,2.0 AT (218 л.с.),218,0,False,3969000,2023
haval,jolion,внедорожник,передний,бензин,1.5 MT (143 л.с.),143,0,False,1969000,2023
haval,jolion,внедорожник,передний,бензин,1.5 AMT (143 л.с.),143,0,False,2109000,2023
haval,jolion,внедорожник,передний,бензин,1.5 MT (143 л.с.),143,0,False,1969000,2023
haval,jolion,внедорожник,полный,бензин,1.5 AMT (150 л.с.),150,0,False,2129000,2023
haval,jolion,внедорожник,передний,бензин,1.5 MT (143 л.с.),143,0,False,1969000,2023
haval,jolion,внедорожник,полный,бензин,1.5 AMT (150 л.с.),150,0,False,2129000,2023
haval,jolion,внедорожник,передний,бензин,1.5 AMT (143 л.с.),143,0,False,1959000,2023
haval,jolion,внедорожник,полный,бензин,1.5 AMT (150 л.с.),150,0,False,2129000,2023
haval,jolion,внедорожник,передний,бензин,1.5 AMT (143 л.с.),143,0,False,2109000,2023
haval,jolion,внедорожник,передний,бензин,1.5 AMT (143 л.с.),143,0,False,1759000,2023
haval,jolion,внедорожник,полный,бензин,1.5 AMT (150 л.с.),150,0,False,2039000,2023
haval,jolion,внедорожник,передний,бензин,1.5 MT (143 л.с.),143,0,False,1969000,2023
haval,jolion,внедорожник,полный,бензин,1.5 AMT (150 л.с.),150,0,False,2129000,2023
haval,jolion,внедорожник,передний,бензин,1.5 AMT (143 л.с.),143,0,False,1959000,2023
haval,jolion,внедорожник,передний,бензин,1.5 AMT (143 л.с.),143,0,False,1959000,2023
haval,jolion,внедорожник,передний,бензин,1.5 AMT (143 л.с.),143,0,False,2109000,2023
haval,jolion,внедорожник,полный,бензин,1.5 AMT (150 л.с.),150,0,False,2129000,2023
haval,jolion,внедорожник,полный,бензин,1.5 AMT (150 л.с.),150,0,False,2129000,2023
haval,jolion,внедорожник,передний,бензин,1.5 AMT (143 л.с.),143,0,False,1759000,2023
haval,jolion,внедорожник,передний,бензин,1.5 MT (143 л.с.),143,0,False,1969000,2023
haval,jolion,внедорожник,передний,бензин,1.5 MT (143 л.с.),143,0,False,1969000,2023
haval,jolion,внедорожник,передний,бензин,1.5 MT (143 л.с.),143,0,False,1969000,2023
haval,jolion,внедорожник,передний,бензин,1.5 AMT (143 л.с.),143,0,False,2109000,2023
haval,jolion,внедорожник,полный,бензин,1.5 AMT (150 л.с.),150,0,False,2129000,2023
haval,jolion,внедорожник,полный,бензин,1.5 AMT (150 л.с.),150,0,False,2129000,2023
haval,jolion,внедорожник,передний,бензин,1.5 AMT (143 л.с.),143,0,False,1959000,2023
haval,jolion,внедорожник,передний,бензин,1.5 AMT (143 л.с.),143,0,False,2109000,2023
haval,jolion,внедорожник,передний,бензин,1.5 MT (143 л.с.),143,0,False,1969000,2023
haval,jolion,внедорожник,передний,бензин,1.5 MT (143 л.с.),143,0,False,1969000,2023
haval,jolion,внедорожник,полный,бензин,1.5 AMT (150 л.с.),150,0,False,2129000,2023
haval,jolion,внедорожник,передний,бензин,1.5 AMT (143 л.с.),143,0,False,1759000,2023
haval,jolion,внедорожник,полный,бензин,1.5 AMT (150 л.с.),150,0,False,2129000,2023
haval,jolion,внедорожник,полный,бензин,1.5 AMT (150 л.с.),150,25193,False,2349000,2021
haval,jolion,внедорожник,передний,бензин,1.5 AMT (143 л.с.),143,0,False,1959000,2023
haval,jolion,внедорожник,передний,бензин,1.5 AMT (143 л.с.),143,12500,False,2313000,2022
haval,jolion,внедорожник,полный,бензин,1.5 AMT (150 л.с.),150,0,False,2129000,2023
haval,jolion,внедорожник,передний,бензин,1.5 AMT (143 л.с.),143,1036,False,2339000,2023
haval,jolion,внедорожник,полный,бензин,1.5 AMT (150 л.с.),150,4302,False,2250000,2021
haval,jolion,внедорожник,передний,бензин,1.5 AMT (143 л.с.),143,38177,False,2158000,2021
haval,jolion,внедорожник,передний,бензин,1.5 MT (143 л.с.),143,27655,False,2130000,2021
haval,jolion,внедорожник,передний,бензин,1.5 AMT (143 л.с.),143,0,False,1959000,2023
haval,jolion,внедорожник,передний,бензин,1.5 AMT (143 л.с.),143,0,False,2109000,2023
haval,jolion,внедорожник,полный,бензин,1.5 AMT (150 л.с.),150,649,False,2550000,2023
haval,jolion,внедорожник,передний,бензин,1.5 AMT (143 л.с.),143,0,False,1759000,2023
haval,jolion,внедорожник,передний,бензин,1.5 AMT (143 л.с.),143,0,False,2109000,2023
haval,jolion,внедорожник,полный,бензин,1.5 AMT (150 л.с.),150,0,False,2039000,2023
haval,jolion,внедорожник,полный,бензин,1.5 AMT (150 л.с.),150,0,False,2129000,2023
haval,jolion,внедорожник,полный,бензин,1.5 AMT (150 л.с.),150,0,False,2129000,2023
haval,jolion,внедорожник,полный,бензин,1.5 AMT (150 л.с.),150,0,False,2129000,2023
haval,jolion,внедорожник,полный,бензин,1.5 AMT (150 л.с.),150,0,False,2129000,2023
haval,jolion,внедорожник,передний,бензин,1.5 AMT (143 л.с.),143,0,False,1959000,2023
haval,jolion,внедорожник,передний,бензин,1.5 AMT (143 л.с.),143,0,False,1759000,2023
haval,jolion,внедорожник,передний,бензин,1.5 AMT (143 л.с.),143,0,False,2109000,2023
haval,jolion,внедорожник,передний,бензин,1.5 MT (143 л.с.),143,0,False,1969000,2023
haval,jolion,внедорожник,полный,бензин,1.5 AMT (150 л.с.),150,0,False,2039000,2023
haval,jolion,внедорожник,передний,бензин,1.5 MT (143 л.с.),143,0,False,1959000,2023
haval,jolion,внедорожник,передний,бензин,1.5 MT (143 л.с.),143,0,False,1969000,2023
haval,jolion,внедорожник,передний,бензин,1.5 MT (143 л.с.),143,0,False,1969000,2023
haval,jolion,внедорожник,передний,бензин,1.5 AMT (143 л.с.),143,0,False,2109000,2023
haval,jolion,внедорожник,передний,бензин,1.5 AMT (143 л.с.),143,0,False,2109000,2023
haval,jolion,внедорожник,передний,бензин,1.5 MT (143 л.с.),143,0,False,1969000,2023
haval,jolion,внедорожник,передний,бензин,1.5 AMT (143 л.с.),143,0,False,2289000,2023
haval,jolion,внедорожник,полный,бензин,1.5 AMT (150 л.с.),150,0,False,2039000,2023
haval,jolion,внедорожник,полный,бензин,1.5 AMT (150 л.с.),150,0,False,2039000,2023
haval,jolion,внедорожник,передний,бензин,1.5 AMT (143 л.с.),143,0,False,1959000,2023
haval,jolion,внедорожник,передний,бензин,1.5 MT (143 л.с.),143,0,False,1969000,2023
haval,jolion,внедорожник,передний,бензин,1.5 AMT (143 л.с.),143,0,False,1759000,2023
haval,jolion,внедорожник,передний,бензин,1.5 MT (143 л.с.),143,0,False,1949000,2023
haval,jolion,внедорожник,полный,бензин,1.5 AMT (150 л.с.),150,0,False,2039000,2023
haval,jolion,внедорожник,полный,бензин,1.5 AMT (150 л.с.),150,0,False,2129000,2023
haval,jolion,внедорожник,передний,бензин,1.5 MT (143 л.с.),143,0,False,1959000,2023
haval,jolion,внедорожник,передний,бензин,1.5 MT (143 л.с.),143,0,False,1959000,2023
haval,jolion,внедорожник,передний,бензин,1.5 AMT (143 л.с.),143,0,False,1959000,2023
haval,jolion,внедорожник,полный,бензин,1.5 AMT (150 л.с.),150,0,False,2129000,2023
haval,jolion,внедорожник,полный,бензин,1.5 AMT (150 л.с.),150,0,False,2129000,2023
haval,jolion,внедорожник,полный,бензин,1.5 AMT (150 л.с.),150,0,False,2129000,2023
haval,jolion,внедорожник,передний,бензин,1.5 MT (143 л.с.),143,0,False,1949000,2023
haval,jolion,внедорожник,передний,бензин,1.5 AMT (143 л.с.),143,0,False,2109000,2023
haval,jolion,внедорожник,передний,бензин,1.5 AMT (143 л.с.),143,0,False,1959000,2023
haval,jolion,внедорожник,передний,бензин,1.5 AMT (143 л.с.),143,0,False,2109000,2023
haval,jolion,внедорожник,передний,бензин,1.5 MT (143 л.с.),143,0,False,1949000,2023
haval,jolion,внедорожник,передний,бензин,1.5 AMT (143 л.с.),143,0,False,2109000,2023
haval,jolion,внедорожник,полный,бензин,1.5 AMT (150 л.с.),150,0,False,2129000,2023
haval,jolion,внедорожник,передний,бензин,1.5 MT (143 л.с.),143,0,False,1949000,2023
haval,jolion,внедорожник,передний,бензин,1.5 AMT (143 л.с.),143,0,False,2359000,2023
haval,jolion,внедорожник,полный,бензин,1.5 AMT (150 л.с.),150,0,False,2039000,2023
haval,jolion,внедорожник,передний,бензин,1.5 AMT (143 л.с.),143,0,False,2359000,2023
haval,jolion,внедорожник,полный,бензин,1.5 AMT (150 л.с.),150,0,False,2039000,2023
haval,jolion,внедорожник,передний,бензин,1.5 AMT (143 л.с.),143,0,False,1959000,2023
haval,jolion,внедорожник,передний,бензин,1.5 AMT (143 л.с.),143,0,False,2469000,2023
haval,jolion,внедорожник,передний,бензин,1.5 AMT (143 л.с.),143,0,False,1959000,2023
haval,jolion,внедорожник,передний,бензин,1.5 AMT (143 л.с.),143,0,False,2359000,2023
haval,jolion,внедорожник,полный,бензин,1.5 AMT (150 л.с.),150,0,False,2129000,2023
haval,jolion,внедорожник,передний,бензин,1.5 AMT (143 л.с.),143,0,False,1959000,2023
haval,jolion,внедорожник,передний,бензин,1.5 MT (143 л.с.),143,0,False,1959000,2023
haval,jolion,внедорожник,полный,бензин,1.5 AMT (150 л.с.),150,0,False,2129000,2023
haval,jolion,внедорожник,полный,бензин,1.5 AMT (150 л.с.),150,0,False,2039000,2023
haval,jolion,внедорожник,полный,бензин,1.5 AMT (150 л.с.),150,0,False,2129000,2023
haval,jolion,внедорожник,полный,бензин,1.5 AMT (150 л.с.),150,0,False,2129000,2023
haval,jolion,внедорожник,полный,бензин,1.5 AMT (150 л.с.),150,0,False,2129000,2023
haval,m6,внедорожник,передний,бензин,1.5 AMT (143 л.с.),143,0,False,2039000,2023
haval,m6,внедорожник,передний,бензин,1.5 AMT (143 л.с.),143,0,False,2039000,2023
haval,m6,внедорожник,передний,бензин,1.5 AMT (143 л.с.),143,0,False,2039000,2023
haval,m6,внедорожник,передний,бензин,1.5 MT (143 л.с.),143,0,False,2169000,2023
haval,m6,внедорожник,передний,бензин,1.5 AMT (143 л.с.),143,0,False,2039000,2023
haval,m6,внедорожник,передний,бензин,1.5 AMT (143 л.с.),143,0,False,2039000,2023
haval,m6,внедорожник,передний,бензин,1.5 AMT (143 л.с.),143,0,False,2039000,2023
haval,m6,внедорожник,передний,бензин,1.5 AMT (143 л.с.),143,0,False,2039000,2023
haval,m6,внедорожник,передний,бензин,1.5 AMT (143 л.с.),143,0,False,2039000,2023
haval,m6,внедорожник,передний,бензин,1.5 AMT (143 л.с.),143,0,False,2039000,2023
haval,m6,внедорожник,передний,бензин,1.5 AMT (143 л.с.),143,0,False,2039000,2023
haval,m6,внедорожник,передний,бензин,1.5 AMT (143 л.с.),143,0,False,2039000,2023
haval,m6,внедорожник,передний,бензин,1.5 AMT (143 л.с.),143,0,False,2039000,2023
haval,m6,внедорожник,передний,бензин,1.5 AMT (143 л.с.),143,0,False,2039000,2023
haval,m6,внедорожник,передний,бензин,1.5 AMT (143 л.с.),143,0,False,2039000,2023
haval,m6,внедорожник,передний,бензин,1.5 AMT (143 л.с.),143,0,False,2039000,2023
haval,m6,внедорожник,передний,бензин,1.5 AMT (143 л.с.),143,0,False,2039000,2023
haval,m6,внедорожник,передний,бензин,1.5 MT (143 л.с.),143,0,False,2169000,2023
haval,m6,внедорожник,передний,бензин,1.5 MT (143 л.с.),143,0,False,2169000,2023
haval,m6,внедорожник,передний,бензин,1.5 MT (143 л.с.),143,0,False,2169000,2023
honda,accord,седан,передний,бензин,2.4 AT (201 л.с.),201,262000,False,1050000,2008
honda,accord,седан,передний,бензин,2.4 AT (197 л.с.),197,170000,False,1750000,2011
honda,accord,седан,передний,бензин,2.4 AT (190 л.с.),190,296092,False,880000,2007
honda,accord,седан,передний,бензин,2.0 MT (102 л.с.),102,175000,False,160000,1986
honda,accord,купе,передний,бензин,3.0 AT (240 л.с.),240,200000,False,520000,2003
honda,accord,седан,передний,бензин,1.5 CVT (192 л.с.),192,21000,False,3450000,2022
honda,accord,седан,передний,бензин,2.0 AT (147 л.с.),147,360000,False,385000,1999
honda,accord,седан,передний,бензин,2.4 AT (201 л.с.),201,352000,False,999999,2008
honda,accord,седан,передний,бензин,1.5 CVT (192 л.с.),192,37583,False,2799000,2021
honda,civic,седан,передний,бензин,1.8 AT (140 л.с.),140,167000,False,530000,2011
honda,civic,седан,передний,бензин,1.8 MT (140 л.с.),140,330000,False,700000,2007
honda,civic,универсал,передний,бензин,1.4 MT (90 л.с.),90,99999,False,120000,2000
honda,civic,седан,передний,бензин,1.5 AT (115 л.с.),115,400000,False,300000,1997
honda,civic,седан,передний,бензин,1.8 AT (140 л.с.),140,165400,False,785000,2008
honda,civic,седан,передний,бензин,1.5 MT (115 л.с.),115,417796,False,219000,1998
honda,civic,седан,передний,бензин,1.5 CVT (180 л.с.),180,91778,False,2750000,2021
honda,civic,хетчбэк,передний,бензин,1.6 AT (155 л.с.),155,310000,False,300000,1998
honda,civic,седан,передний,бензин,1.8 MT (140 л.с.),140,208000,False,830000,2008
honda,cr,внедорожник,полный,бензин,2.0 CVT (150 л.с.),150,27827,False,2629000,2017
honda,cr,внедорожник,полный,бензин,2.0 MT (150 л.с.),150,280941,False,1079000,2008
honda,cr,внедорожник,полный,бензин,2.0 MT (128 л.с.),128,376695,False,460000,1998
honda,cr,внедорожник,полный,бензин,2.4 AT (166 л.с.),166,192100,False,1370000,2010
honda,cr,внедорожник,полный,бензин,2.0 AT (150 л.с.),150,198000,False,1690000,2013
honda,cr,внедорожник,полный,бензин,2.0 AT (150 л.с.),150,148000,False,1720000,2011
honda,cr,внедорожник,полный,бензин,2.0 MT (150 л.с.),150,187007,False,1879000,2014
honda,cr,внедорожник,полный,бензин,2.0 AT (150 л.с.),150,182000,False,1260000,2008
honda,cr,внедорожник,полный,бензин,2.0 MT (128 л.с.),128,229500,False,479000,1998
honda,cr,внедорожник,полный,бензин,2.0 AT (150 л.с.),150,198000,False,1900000,2015
honda,element,внедорожник,полный,бензин,2.4 AT (162 л.с.),162,477000,False,700000,2003
honda,element,внедорожник,полный,бензин,2.4 AT (166 л.с.),166,179345,False,1450000,2008
honda,fit,хетчбэк,передний,гибрид,1.5 CVT (109 л.с.),109,12000,False,1595595,2020
honda,fit,хетчбэк,передний,бензин,1.3 CVT (100 л.с.),100,209958,False,600000,2009
honda,fit,хетчбэк,передний,бензин,1.3 MT (100 л.с.),100,50000,False,1300000,2018
honda,freed,минивэн,передний,бензин,1.5 CVT (118 л.с.),118,85000,False,1455000,2015
honda,freed,минивэн,передний,бензин,1.5 CVT (118 л.с.),118,150000,False,1150000,2011
honda,freed,минивэн,передний,бензин,1.5 CVT (118 л.с.),118,119000,False,1100000,2008
honda,freed_plus,минивэн,передний,бензин,1.5 AMT (110 л.с.),110,68403,False,1650000,2018
honda,grace,седан,передний,бензин,1.5 CVT (132 л.с.),132,50000,False,1575000,2017
honda,hr,внедорожник,полный,бензин,1.6 MT (105 л.с.),105,354158,False,250000,1999
honda,jazz,хетчбэк,передний,бензин,1.3 CVT (83 л.с.),83,184010,False,750000,2007
honda,jazz,хетчбэк,передний,бензин,1.2 MT (78 л.с.),78,179221,False,719000,2006
honda,n,хетчбэк,передний,бензин,0.7 CVT (58 л.с.),58,112168,False,994000,2014
honda,odyssey_north_america,минивэн,передний,бензин,3.5 AT (248 л.с.),248,270000,False,1460000,2011
honda,odyssey_north_america,минивэн,передний,бензин,3.5 AT (244 л.с.),244,288875,False,1000000,2006
honda,pilot,внедорожник,полный,бензин,3.5 AT (249 л.с.),249,260000,False,1900000,2011
honda,shuttle,универсал,передний,гибрид,1.5 AMT (110 л.с.),110,118200,False,1260000,2016
honda,z,хетчбэк,полный,бензин,0.7 AT (52 л.с.),52,200000,False,350000,1998
hyundai,accent,седан,передний,бензин,1.5 MT (102 л.с.),102,202000,False,339000,2008
hyundai,accent,седан,передний,бензин,1.5 MT (102 л.с.),102,195000,False,299000,2007
hyundai,accent,седан,передний,бензин,1.5 MT (102 л.с.),102,111000,False,250000,2007
hyundai,accent,седан,передний,бензин,1.5 MT (102 л.с.),102,207115,False,310000,2005
hyundai,accent,седан,передний,бензин,1.3 MT (75 л.с.),75,278406,False,70000,1997
hyundai,accent,хетчбэк,передний,бензин,1.5 MT (88 л.с.),88,261000,True,180000,2002
hyundai,accent,седан,передний,бензин,1.5 MT (102 л.с.),102,290000,False,265000,2004
hyundai,accent,седан,передний,бензин,1.5 AT (102 л.с.),102,155000,False,554000,2007
hyundai,accent,седан,передний,бензин,1.5 MT (88 л.с.),88,400000,True,60000,1998
hyundai,accent,хетчбэк,передний,бензин,1.5 MT (88 л.с.),88,300000,True,40000,1998
hyundai,accent,седан,передний,бензин,1.5 MT (102 л.с.),102,228970,False,300000,2005
hyundai,accent,седан,передний,бензин,1.5 MT (102 л.с.),102,290000,False,285000,2003
hyundai,accent,седан,передний,бензин,1.5 MT (102 л.с.),102,105000,False,415000,2005
hyundai,atos,хетчбэк,передний,бензин,1.0 MT (56 л.с.),56,226651,False,299000,1998
hyundai,atos,хетчбэк,передний,бензин,1.0 MT (56 л.с.),56,177000,True,200000,2000
hyundai,creta,внедорожник,передний,бензин,1.6 MT (123 л.с.),123,81872,False,1679000,2016
hyundai,creta,внедорожник,передний,бензин,1.6 AT (123 л.с.),123,52591,False,2299000,2021
hyundai,creta,внедорожник,передний,бензин,1.6 MT (123 л.с.),123,32685,False,1999000,2019
hyundai,creta,внедорожник,передний,бензин,1.6 AT (123 л.с.),123,53561,False,2050000,2019
hyundai,creta,внедорожник,передний,бензин,1.6 AT (123 л.с.),123,88500,False,1719000,2018
hyundai,creta,внедорожник,передний,бензин,1.6 AT (123 л.с.),123,39000,False,2325000,2022
hyundai,creta,внедорожник,полный,бензин,2.0 AT (150 л.с.),150,95771,False,1910000,2018
hyundai,creta,внедорожник,передний,бензин,1.6 AT (123 л.с.),123,56663,False,1869000,2017
hyundai,creta,внедорожник,передний,бензин,2.0 AT (150 л.с.),150,55123,False,1795000,2017
hyundai,creta,внедорожник,передний,бензин,1.6 AT (123 л.с.),123,69000,False,2000000,2020
hyundai,creta,внедорожник,передний,бензин,1.6 AT (123 л.с.),123,110508,False,1839000,2019
hyundai,creta,внедорожник,передний,бензин,1.6 AT (123 л.с.),123,52000,False,1890000,2019
hyundai,creta,внедорожник,полный,бензин,1.6 AT (121 л.с.),121,59524,False,1899000,2017
hyundai,creta,внедорожник,передний,бензин,1.6 AT (123 л.с.),123,106000,False,1799000,2018
hyundai,creta,внедорожник,передний,бензин,1.6 AT (123 л.с.),123,56700,False,1790000,2017
hyundai,creta,внедорожник,передний,бензин,1.6 AT (123 л.с.),123,34789,False,2225000,2021
hyundai,creta,внедорожник,передний,бензин,1.6 AT (123 л.с.),123,89143,False,1979000,2020
hyundai,creta,внедорожник,передний,бензин,1.6 AT (123 л.с.),123,113131,False,1679000,2018
hyundai,creta,внедорожник,полный,бензин,2.0 AT (150 л.с.),150,75000,False,2068000,2018
hyundai,creta,внедорожник,полный,бензин,1.6 MT (121 л.с.),121,51237,False,2299000,2021
hyundai,creta,внедорожник,передний,бензин,1.6 MT (123 л.с.),123,88000,False,1595000,2016
hyundai,creta,внедорожник,передний,бензин,1.6 MT (123 л.с.),123,2900,True,1550000,2021
hyundai,creta,внедорожник,передний,бензин,1.6 AT (123 л.с.),123,34000,False,2150000,2020
hyundai,creta,внедорожник,передний,бензин,1.6 AT (123 л.с.),123,7000,False,2595000,2021
hyundai,creta,внедорожник,полный,бензин,1.6 AT (121 л.с.),121,76892,False,1949000,2018
hyundai,creta,внедорожник,передний,бензин,1.6 AT (123 л.с.),123,85300,False,1845000,2019
hyundai,creta,внедорожник,передний,бензин,1.6 AT (123 л.с.),123,55783,False,1939000,2020
hyundai,creta,внедорожник,передний,бензин,1.6 AT (123 л.с.),123,146280,False,1679000,2016
hyundai,creta,внедорожник,передний,бензин,1.6 AT (123 л.с.),123,51787,False,1879000,2017
hyundai,elantra,седан,передний,бензин,2.0 AT (139 л.с.),139,190000,False,299000,2001
hyundai,elantra,седан,передний,бензин,1.6 MT (122 л.с.),122,222298,False,729000,2009
hyundai,elantra,седан,передний,бензин,1.6 MT (122 л.с.),122,232022,False,575000,2007
hyundai,elantra,лифтбек,передний,бензин,1.6 MT (107 л.с.),107,400000,False,130000,2000
hyundai,elantra,седан,передний,бензин,1.6 MT (122 л.с.),122,254932,False,530000,2007
hyundai,elantra,седан,передний,бензин,1.6 MT (105 л.с.),105,390000,False,257000,2004
hyundai,elantra,седан,передний,бензин,1.6 MT (122 л.с.),122,200000,False,460000,2007
hyundai,elantra,седан,передний,бензин,2.0 AT (150 л.с.),150,79500,False,1720000,2016
hyundai,elantra,седан,передний,бензин,1.6 AT (132 л.с.),132,154190,False,1246000,2015
hyundai,elantra,седан,передний,бензин,1.6 AT (105 л.с.),105,310000,False,350000,2005
hyundai,elantra,седан,передний,бензин,1.6 MT (122 л.с.),122,188500,False,759000,2010
hyundai,elantra,седан,передний,бензин,2.0 AT (150 л.с.),150,159000,False,1310000,2016
hyundai,elantra,седан,передний,бензин,1.6 MT (122 л.с.),122,280000,False,550000,2008
hyundai,elantra,седан,передний,бензин,1.6 MT (105 л.с.),105,320000,False,420000,2004
hyundai,elantra,седан,передний,бензин,1.8 AT (150 л.с.),150,200000,False,1000000,2011
hyundai,elantra,седан,передний,бензин,1.6 MT (105 л.с.),105,237000,False,595000,2006
hyundai,elantra,седан,передний,бензин,1.6 MT (105 л.с.),105,270000,False,410000,2005
hyundai,equus,седан,задний,бензин,3.8 AT (334 л.с.),334,155400,False,1270000,2013
hyundai,galloper,внедорожник,полный,бензин,3.0 AT (141 л.с.),141,225000,False,200000,1999
hyundai,genesis,седан,полный,бензин,3.0 AT (249 л.с.),249,130000,False,2350000,2015
hyundai,getz,хетчбэк,передний,бензин,1.4 AT (97 л.с.),97,139100,False,495000,2005
hyundai,getz,хетчбэк,передний,бензин,1.4 MT (97 л.с.),97,175000,False,450000,2007
hyundai,getz,хетчбэк,передний,бензин,1.4 MT (97 л.с.),97,226000,False,400000,2007
hyundai,getz,хетчбэк,передний,бензин,1.4 MT (97 л.с.),97,211800,False,460000,2008
hyundai,getz,хетчбэк,передний,бензин,1.1 MT (66 л.с.),66,250000,False,450000,2008
hyundai,getz,хетчбэк,передний,бензин,1.4 MT (97 л.с.),97,241700,False,540000,2010
hyundai,grace,минивэн,задний,дизель,2.5 MT (80 л.с.),80,310000,True,125000,1996
hyundai,grand_santa_fe,внедорожник,полный,дизель,2.2 AT (200 л.с.),200,113000,False,2590000,2018
hyundai,grand_starex,минивэн,задний,дизель,2.5 AT (174 л.с.),174,193000,False,1790000,2012
hyundai,grand_starex,минивэн,задний,дизель,2.5 AT (145 л.с.),145,125000,False,1600000,2009
hyundai,grand_starex,минивэн,полный,дизель,2.5 AT (175 л.с.),175,30286,False,6600000,2019
hyundai,h,минивэн,задний,дизель,2.5 MT (170 л.с.),170,168606,False,1435000,2011
hyundai,h,минивэн,задний,дизель,2.5 MT (170 л.с.),170,345158,False,1270000,2011
hyundai,i20,хетчбэк,передний,бензин,1.3 MT (78 л.с.),78,122000,False,550000,2009
hyundai,i30,хетчбэк,передний,бензин,1.6 MT (122 л.с.),122,139000,False,685000,2009
hyundai,i30,хетчбэк,передний,бензин,1.4 MT (109 л.с.),109,150000,False,560000,2009
hyundai,i40,седан,передний,бензин,2.0 AT (150 л.с.),150,142158,False,1449000,2013
hyundai,ix35,внедорожник,передний,бензин,2.0 AT (150 л.с.),150,132000,False,1599000,2015
hyundai,ix35,внедорожник,передний,бензин,2.0 AT (150 л.с.),150,112500,False,1699000,2014
hyundai,ix35,внедорожник,полный,бензин,2.0 AT (150 л.с.),150,133000,False,1699000,2015
hyundai,ix35,внедорожник,полный,дизель,2.0 MT (136 л.с.),136,128000,False,1260000,2011
hyundai,ix35,внедорожник,передний,бензин,2.0 MT (150 л.с.),150,78000,False,1520000,2014
hyundai,ix35,внедорожник,полный,бензин,2.0 MT (150 л.с.),150,93900,False,1599000,2013
hyundai,ix35,внедорожник,полный,бензин,2.0 AT (150 л.с.),150,190000,False,1450000,2012
hyundai,ix35,внедорожник,полный,дизель,2.0 AT (184 л.с.),184,349000,False,1300000,2010
hyundai,ix55,внедорожник,полный,бензин,3.8 AT (264 л.с.),264,280000,False,1175000,2009
hyundai,lantra,седан,передний,бензин,1.8 MT (128 л.с.),128,359266,False,110400,1997
hyundai,lantra,седан,передний,бензин,1.6 MT (116 л.с.),116,310000,False,115000,1997
hyundai,matrix,минивэн,передний,бензин,1.6 MT (103 л.с.),103,259990,False,360000,2005
hyundai,palisade,внедорожник,полный,дизель,2.2 AT (200 л.с.),200,24800,False,4760000,2019
hyundai,palisade,внедорожник,передний,дизель,2.2 AT (200 л.с.),200,84169,False,4379000,2019
hyundai,palisade,внедорожник,полный,дизель,2.2 AT (200 л.с.),200,37240,False,5235000,2021
hyundai,palisade,внедорожник,полный,дизель,2.2 AT (200 л.с.),200,41002,False,4699000,2019
hyundai,palisade,внедорожник,полный,дизель,2.2 AT (200 л.с.),200,61000,False,4999999,2021
hyundai,palisade,внедорожник,полный,бензин,3.5 AT (249 л.с.),249,0,False,7500000,2023
hyundai,santa_fe,внедорожник,полный,бензин,2.5 AT (180 л.с.),180,0,False,4090000,2021
hyundai,santa_fe,внедорожник,полный,бензин,3.5 AT (249 л.с.),249,0,False,6600000,2023
hyundai,santa_fe,внедорожник,полный,бензин,2.5 AT (180 л.с.),180,85,False,4799000,2022
hyundai,santa_fe,внедорожник,полный,бензин,2.7 AT (173 л.с.),173,193186,False,799000,2008
hyundai,santa_fe,внедорожник,полный,бензин,2.4 AT (171 л.с.),171,97000,False,2595000,2017
hyundai,santa_fe,внедорожник,полный,бензин,2.5 AT (180 л.с.),180,0,False,4350000,2023
hyundai,santa_fe,внедорожник,полный,бензин,2.7 AT (189 л.с.),189,273000,False,799000,2006
hyundai,santa_fe,внедорожник,полный,бензин,2.4 MT (175 л.с.),175,212500,False,1449000,2012
hyundai,santa_fe,внедорожник,полный,бензин,2.4 MT (146 л.с.),146,250000,False,496100,2003
hyundai,santa_fe,внедорожник,полный,бензин,2.4 AT (174 л.с.),174,203000,False,1400000,2010
hyundai,santa_fe,внедорожник,полный,бензин,2.7 AT (173 л.с.),173,177300,False,880000,2008
hyundai,santa_fe,внедорожник,полный,дизель,2.2 AT (200 л.с.),200,175200,False,2395199,2017
hyundai,santa_fe,внедорожник,полный,бензин,2.4 AT (171 л.с.),171,132399,False,2249000,2016
hyundai,santa_fe,внедорожник,передний,дизель,2.0 MT (112 л.с.),112,124000,False,525000,2008
hyundai,santa_fe,внедорожник,полный,бензин,2.7 AT (173 л.с.),173,224386,False,417000,2002
hyundai,santa_fe,внедорожник,передний,дизель,2.0 MT (112 л.с.),112,150000,False,680000,2008
hyundai,santa_fe,внедорожник,полный,бензин,2.7 AT (189 л.с.),189,308000,False,850000,2008
hyundai,santa_fe,внедорожник,полный,бензин,2.4 AT (175 л.с.),175,129000,False,1995000,2014
hyundai,santa_fe,внедорожник,полный,бензин,3.5 AT (249 л.с.),249,0,False,6600000,2023
hyundai,santa_fe,внедорожник,передний,бензин,2.0 MT (136 л.с.),136,250000,False,380000,2001
hyundai,santa_fe,внедорожник,полный,бензин,2.5 AT (180 л.с.),180,26050,False,4200000,2021
hyundai,santa_fe,внедорожник,передний,бензин,2.4 AT (188 л.с.),188,67000,False,2300000,2016
hyundai,santa_fe,внедорожник,полный,дизель,2.0 AT (185 л.с.),185,122192,False,2840000,2018
hyundai,santa_fe,внедорожник,полный,бензин,2.5 AT (194 л.с.),194,30,False,4600000,2023
hyundai,santa_fe,внедорожник,полный,дизель,2.2 AT (200 л.с.),200,86600,False,3950000,2021
hyundai,santa_fe,внедорожник,полный,дизель,2.2 AMT (199 л.с.),199,8480,False,4510000,2021
hyundai,santamo,минивэн,передний,бензин,2.0 MT (139 л.с.),139,306709,False,100000,1999
hyundai,solaris,седан,передний,бензин,1.6 MT (123 л.с.),123,130665,False,1015000,2016
hyundai,solaris,седан,передний,бензин,1.6 MT (123 л.с.),123,129700,False,879000,2011
hyundai,solaris,седан,передний,бензин,1.4 MT (100 л.с.),100,69900,False,1196000,2017
hyundai,solaris,седан,передний,бензин,1.4 AT (107 л.с.),107,49000,False,1357000,2016
hyundai,solaris,седан,передний,бензин,1.6 MT (123 л.с.),123,152000,False,929000,2016
hyundai,solaris,седан,передний,бензин,1.4 AT (107 л.с.),107,176152,False,1050000,2015
hyundai,solaris,седан,передний,бензин,1.4 MT (107 л.с.),107,208300,False,690000,2011
hyundai,solaris,хетчбэк,передний,бензин,1.6 MT (123 л.с.),123,88925,False,1089000,2015
hyundai,solaris,седан,передний,бензин,1.6 MT (123 л.с.),123,151000,False,745000,2014
hyundai,solaris,седан,передний,бензин,1.4 MT (107 л.с.),107,134275,False,849000,2014
hyundai,solaris,седан,передний,бензин,1.6 AT (123 л.с.),123,112300,False,770000,2011
hyundai,solaris,седан,передний,бензин,1.6 AT (123 л.с.),123,87630,False,1295000,2016
hyundai,solaris,седан,передний,бензин,1.6 AT (123 л.с.),123,119612,False,1599000,2020
hyundai,solaris,хетчбэк,передний,бензин,1.4 MT (107 л.с.),107,300000,False,555000,2014
hyundai,solaris,седан,передний,бензин,1.4 MT (107 л.с.),107,172000,False,687000,2013
hyundai,solaris,хетчбэк,передний,бензин,1.4 AT (107 л.с.),107,135939,False,720000,2011
hyundai,solaris,седан,передний,бензин,1.4 AT (100 л.с.),100,78000,False,1485000,2020
hyundai,solaris,седан,передний,бензин,1.6 AT (123 л.с.),123,193268,False,840000,2013
hyundai,solaris,седан,передний,бензин,1.6 AT (123 л.с.),123,133000,False,1065000,2013
hyundai,solaris,седан,передний,бензин,1.4 MT (107 л.с.),107,45000,False,999000,2016
hyundai,solaris,седан,передний,бензин,1.4 MT (100 л.с.),100,81000,False,1365000,2019
hyundai,solaris,седан,передний,бензин,1.6 MT (123 л.с.),123,107524,False,1029000,2015
hyundai,solaris,хетчбэк,передний,бензин,1.6 AT (123 л.с.),123,139316,False,789000,2011
hyundai,solaris,хетчбэк,передний,бензин,1.6 AT (123 л.с.),123,260000,False,920000,2012
hyundai,solaris,седан,передний,бензин,1.6 MT (123 л.с.),123,114000,False,800000,2013
hyundai,solaris,седан,передний,бензин,1.6 MT (123 л.с.),123,47441,False,1485000,2021
hyundai,solaris,седан,передний,бензин,1.6 AT (123 л.с.),123,166000,False,920000,2013
hyundai,solaris,седан,передний,бензин,1.6 AT (123 л.с.),123,105000,False,950000,2015
hyundai,solaris,седан,передний,бензин,1.6 MT (123 л.с.),123,31000,False,1495000,2021
hyundai,solaris,седан,передний,бензин,1.4 MT (107 л.с.),107,133000,False,720000,2014
hyundai,solaris,седан,передний,бензин,1.4 AT (99 л.с.),99,88500,False,1200000,2018
hyundai,solaris,седан,передний,бензин,1.6 AT (123 л.с.),123,50901,False,1715000,2020
hyundai,solaris,седан,передний,бензин,1.6 AT (123 л.с.),123,197000,False,790000,2011
hyundai,solaris,седан,передний,бензин,1.6 AT (123 л.с.),123,95939,False,1249000,2016
hyundai,solaris,хетчбэк,передний,бензин,1.6 AT (123 л.с.),123,192000,False,735000,2011
hyundai,solaris,седан,передний,бензин,1.6 AT (123 л.с.),123,18059,False,1429199,2019
hyundai,solaris,седан,передний,бензин,1.4 MT (99 л.с.),99,123000,True,650000,2019
hyundai,solaris,седан,передний,бензин,1.6 MT (123 л.с.),123,96700,False,899000,2014
hyundai,solaris,хетчбэк,передний,бензин,1.6 MT (123 л.с.),123,28367,False,1215000,2016
hyundai,solaris,седан,передний,бензин,1.6 AT (123 л.с.),123,77900,False,1499000,2018
hyundai,solaris,хетчбэк,передний,бензин,1.6 AT (123 л.с.),123,57092,False,1299000,2015
hyundai,solaris,седан,передний,бензин,1.4 MT (107 л.с.),107,240000,False,450000,2016
hyundai,solaris,седан,передний,бензин,1.6 AT (123 л.с.),123,110000,False,970000,2014
hyundai,solaris,хетчбэк,передний,бензин,1.6 MT (123 л.с.),123,145000,False,629000,2011
hyundai,solaris,седан,передний,бензин,1.4 MT (99 л.с.),99,61000,False,1388000,2019
hyundai,solaris,седан,передний,бензин,1.4 AT (107 л.с.),107,111110,False,1099000,2016
hyundai,solaris,седан,передний,бензин,1.4 AT (107 л.с.),107,66058,False,1250000,2015
hyundai,solaris,седан,передний,бензин,1.6 AT (123 л.с.),123,62723,False,1678000,2020
hyundai,solaris,седан,передний,бензин,1.6 MT (123 л.с.),123,209000,False,750000,2014
hyundai,solaris,седан,передний,бензин,1.4 MT (107 л.с.),107,185274,False,799000,2011
hyundai,solaris,седан,передний,бензин,1.6 MT (123 л.с.),123,83426,False,1357000,2019
hyundai,solaris,хетчбэк,передний,бензин,1.6 MT (123 л.с.),123,124000,False,915000,2012
hyundai,solaris,седан,передний,бензин,1.4 MT (107 л.с.),107,137000,False,625000,2011
hyundai,solaris,седан,передний,бензин,1.6 MT (123 л.с.),123,110000,False,1200000,2018
hyundai,solaris,седан,передний,бензин,1.4 MT (100 л.с.),100,330000,False,830000,2017
hyundai,solaris,седан,передний,бензин,1.6 MT (123 л.с.),123,81050,False,1259000,2020
hyundai,solaris,седан,передний,бензин,1.4 MT (100 л.с.),100,360000,False,1000000,2017
hyundai,solaris,хетчбэк,передний,бензин,1.4 MT (107 л.с.),107,250000,False,850000,2013
hyundai,solaris,седан,передний,бензин,1.6 MT (123 л.с.),123,25000,False,1890000,2021
hyundai,solaris,седан,передний,бензин,1.6 AT (123 л.с.),123,108300,False,1075000,2013
hyundai,solaris,седан,передний,бензин,1.4 MT (107 л.с.),107,125169,False,849000,2014
hyundai,solaris,седан,передний,бензин,1.6 MT (123 л.с.),123,129989,False,1310000,2017
hyundai,solaris,седан,передний,бензин,1.6 AT (123 л.с.),123,11500,False,1910000,2021
hyundai,solaris,седан,передний,бензин,1.6 MT (123 л.с.),123,134000,False,1095000,2016
hyundai,solaris,седан,передний,бензин,1.4 MT (100 л.с.),100,58500,False,1399000,2020
hyundai,solaris,седан,передний,бензин,1.6 AT (123 л.с.),123,136000,False,1085000,2014
hyundai,solaris,седан,передний,бензин,1.6 MT (123 л.с.),123,79800,False,1385000,2017
hyundai,solaris,седан,передний,бензин,1.6 MT (123 л.с.),123,175722,False,739000,2013
hyundai,sonata,седан,передний,бензин,2.0 AT (150 л.с.),150,103000,False,1799000,2019
hyundai,sonata,седан,передний,бензин,2.0 MT (137 л.с.),137,138000,False,450000,2008
hyundai,sonata,седан,передний,бензин,2.0 AT (150 л.с.),150,171600,False,1200000,2012
hyundai,sonata,седан,передний,бензин,2.0 AT (150 л.с.),150,36000,False,1930000,2018
hyundai,sonata,седан,передний,бензин,2.0 MT (137 л.с.),137,298200,False,270000,2008
hyundai,sonata,седан,передний,бензин,2.0 MT (131 л.с.),131,140000,False,220000,2004
hyundai,sonata,седан,передний,бензин,2.0 MT (125 л.с.),125,145000,False,180000,1998
hyundai,sonata,седан,передний,бензин,2.0 AT (131 л.с.),131,245000,False,490000,2006
hyundai,sonata,седан,передний,бензин,2.4 AT (201 л.с.),201,240000,False,1100000,2010
hyundai,sonata,седан,передний,бензин,2.0 AT (150 л.с.),150,50253,False,2545000,2021
hyundai,sonata,седан,передний,бензин,2.0 AT (150 л.с.),150,188456,False,1794000,2019
hyundai,sonata,седан,передний,бензин,2.0 MT (131 л.с.),131,185000,False,250000,2008
hyundai,sonata,седан,передний,бензин,2.7 MT (172 л.с.),172,238000,False,550000,2007
hyundai,sonata,седан,передний,бензин,2.0 MT (137 л.с.),137,308264,False,330000,2007
hyundai,sonata,седан,передний,бензин,2.0 AT (137 л.с.),137,266000,False,450000,2009
hyundai,sonata,седан,передний,бензин,2.7 AT (172 л.с.),172,315000,False,490000,2006
hyundai,sonata,седан,передний,бензин,2.0 MT (137 л.с.),137,276000,False,350000,2005
hyundai,sonata,седан,передний,бензин,2.0 MT (137 л.с.),137,260000,False,830000,2008
hyundai,sonata,седан,передний,бензин,2.0 MT (136 л.с.),136,275000,False,280000,1999
hyundai,sonata,седан,передний,бензин,2.0 MT (137 л.с.),137,217819,False,680000,2007
hyundai,starex,минивэн,задний,дизель,2.5 MT (101 л.с.),101,300462,False,401000,2006
hyundai,starex,минивэн,задний,дизель,2.5 MT (140 л.с.),140,3000,False,560000,2007
hyundai,starex,минивэн,задний,дизель,2.5 MT (101 л.с.),101,240000,False,590000,2005
hyundai,staria,минивэн,передний,дизель,2.2 AT (177 л.с.),177,5000,False,5200000,2021
hyundai,terracan,внедорожник,полный,дизель,2.5 MT (101 л.с.),101,307000,False,320000,2001
hyundai,terracan,внедорожник,полный,дизель,2.9 MT (150 л.с.),150,355000,False,375000,2002
hyundai,tucson,внедорожник,полный,дизель,2.0 AT (112 л.с.),112,200000,False,690000,2004
hyundai,tucson,внедорожник,передний,бензин,2.0 MT (140 л.с.),140,188000,False,789000,2008
hyundai,tucson,внедорожник,передний,бензин,2.0 AT (150 л.с.),150,31549,False,3249000,2021
hyundai,tucson,внедорожник,полный,бензин,2.0 AT (150 л.с.),150,32000,False,2350000,2019
hyundai,tucson,внедорожник,полный,бензин,2.0 MT (150 л.с.),150,38892,False,2489000,2019
hyundai,tucson,внедорожник,передний,бензин,2.0 AT (150 л.с.),150,37258,False,2399000,2019
hyundai,tucson,внедорожник,полный,бензин,2.0 AT (140 л.с.),140,216000,False,699000,2005
hyundai,tucson,внедорожник,полный,бензин,2.0 AT (150 л.с.),150,0,False,3700000,2023
hyundai,tucson,внедорожник,полный,дизель,2.0 AT (185 л.с.),185,55160,False,3100000,2019
hyundai,tucson,внедорожник,полный,бензин,2.0 AT (150 л.с.),150,0,False,4300000,2023
hyundai,tucson,внедорожник,передний,бензин,2.0 AT (150 л.с.),150,1,False,3700000,2023
hyundai,tucson,внедорожник,полный,бензин,2.0 AT (150 л.с.),150,0,False,3700000,2023
hyundai,tucson,внедорожник,полный,бензин,2.0 AT (161 л.с.),161,53100,False,2590000,2020
hyundai,tucson,внедорожник,передний,бензин,2.0 MT (140 л.с.),140,212000,False,900000,2008
hyundai,tucson,внедорожник,передний,бензин,2.0 AT (150 л.с.),150,34458,False,2500000,2019
hyundai,tucson,внедорожник,полный,дизель,2.0 AT (186 л.с.),186,42052,False,3535000,2021
hyundai,tucson,внедорожник,полный,бензин,2.0 AT (150 л.с.),150,0,False,4300000,2023
hyundai,tucson,внедорожник,полный,бензин,2.5 AT (190 л.с.),190,18000,False,4200000,2022
hyundai,tucson,внедорожник,полный,бензин,2.0 AT (150 л.с.),150,0,False,3700000,2023
hyundai,veloster,хетчбэк,передний,бензин,1.6 AT (132 л.с.),132,73840,False,1399000,2017
hyundai,veloster,хетчбэк,передний,бензин,1.6 AT (132 л.с.),132,73840,False,1399000,2017
infiniti,ex35,внедорожник,полный,бензин,3.5 AT (302 л.с.),302,255384,False,990000,2008
infiniti,fx37,внедорожник,полный,бензин,3.7 AT (333 л.с.),333,165000,False,1750000,2011
infiniti,fx37,внедорожник,полный,бензин,3.7 AT (333 л.с.),333,267000,False,1350000,2010
infiniti,fx45,внедорожник,полный,бензин,4.5 AT (315 л.с.),315,217000,False,900000,2003
infiniti,fx45,внедорожник,полный,бензин,4.5 AT (328 л.с.),328,95000,False,1050000,2007
infiniti,g37,седан,полный,бензин,3.7 AT (333 л.с.),333,254480,False,999000,2009
infiniti,m37,седан,полный,бензин,3.7 AT (333 л.с.),333,186000,False,2150000,2012
infiniti,qx50,внедорожник,полный,бензин,2.5 AT (222 л.с.),222,106899,False,2169000,2013
infiniti,qx50,внедорожник,полный,бензин,2.0 CVT (249 л.с.),249,43220,False,3990000,2018
infiniti,qx56,внедорожник,полный,бензин,5.6 AT (325 л.с.),325,107000,False,1733332,2008
infiniti,qx70,внедорожник,полный,дизель,3.0 AT (238 л.с.),238,201000,False,2500000,2015
isuzu,trooper,внедорожник,полный,бензин,3.5 MT (215 л.с.),215,350000,False,470000,1999
iveco,daily,фургон,задний,дизель,2.3 MT (136 л.с.),136,293000,False,550000,2008
iveco,daily,фургон,задний,дизель,2.8 MT (125 л.с.),125,610050,False,590000,2004
jac,j7,лифтбек,передний,бензин,1.5 CVT (136 л.с.),136,0,False,2030000,2023
jac,j7,лифтбек,передний,бензин,1.5 CVT (136 л.с.),136,0,False,2030000,2023
jac,j7,лифтбек,передний,бензин,1.5 CVT (136 л.с.),136,0,False,2030000,2023
jac,j7,лифтбек,передний,бензин,1.5 CVT (136 л.с.),136,0,False,2030000,2023
jac,js6,внедорожник,передний,бензин,1.5 AMT (180 л.с.),180,0,False,2630000,2023
jac,js6,внедорожник,передний,бензин,1.5 AMT (180 л.с.),180,0,False,2630000,2023
jac,js6,внедорожник,передний,бензин,1.5 AMT (180 л.с.),180,0,False,2630000,2023
jac,js6,внедорожник,передний,бензин,1.5 AMT (180 л.с.),180,0,False,2630000,2023
jac,js6,внедорожник,передний,бензин,1.5 AMT (180 л.с.),180,0,False,2430000,2023
jac,js6,внедорожник,передний,бензин,1.5 AMT (180 л.с.),180,0,False,2430000,2023
jac,js6,внедорожник,передний,бензин,1.5 AMT (180 л.с.),180,0,False,2430000,2023
jac,js6,внедорожник,передний,бензин,1.5 AMT (180 л.с.),180,0,False,2630000,2023
jac,t6,пикап,полный,бензин,2.0 MT (177 л.с.),177,0,False,2550000,2023
jac,t6,пикап,полный,бензин,2.0 MT (177 л.с.),177,0,False,2550000,2023
jaguar,e,внедорожник,полный,дизель,2.0 AT (150 л.с.),150,50000,False,3160000,2019
jaguar,f,внедорожник,полный,дизель,2.0 AT (180 л.с.),180,122847,False,2900000,2017
jaguar,xf,седан,задний,дизель,3.0 AT (275 л.с.),275,195000,False,1700000,2014
jaguar,xj,седан,задний,бензин,5.0 AT (385 л.с.),385,123000,False,2200000,2010
jaguar,xj,седан,полный,бензин,3.0 AT (340 л.с.),340,141000,False,2350000,2013
jeep,cherokee,внедорожник,полный,бензин,4.0 AT (190 л.с.),190,300000,False,390000,1989
jeep,cherokee,внедорожник,полный,дизель,2.1 MT (80 л.с.),80,200000,False,150000,1992
jeep,cherokee,внедорожник,полный,бензин,4.0 AT (171 л.с.),171,330000,False,320000,1995
jeep,grand_cherokee,внедорожник,полный,бензин,3.6 AT (286 л.с.),286,175457,False,2579000,2014
jeep,grand_cherokee,внедорожник,полный,дизель,3.0 AT (243 л.с.),243,262600,False,1850000,2013
jeep,grand_cherokee,внедорожник,полный,бензин,4.0 AT (190 л.с.),190,280000,False,600000,2004
jeep,grand_cherokee,внедорожник,полный,бензин,3.6 AT (286 л.с.),286,48170,False,4750000,2018
jeep,grand_cherokee,внедорожник,полный,бензин,4.0 AT (190 л.с.),190,250000,False,450000,1994
jeep,grand_cherokee,внедорожник,полный,дизель,2.5 MT (115 л.с.),115,446900,False,370000,1997
jeep,grand_cherokee,внедорожник,полный,бензин,4.0 AT (177 л.с.),177,120000,False,450000,1997
jetour,x70_plus,внедорожник,передний,бензин,1.5 AMT (156 л.с.),156,552,False,2990000,2023
jetta,vs5,внедорожник,передний,бензин,1.4 AT (150 л.с.),150,1,False,2737000,2023
jetta,vs5,внедорожник,передний,бензин,1.4 AT (150 л.с.),150,1,False,2737000,2023
kaiyi,e5,седан,передний,бензин,1.5 CVT (147 л.с.),147,5,False,1983000,2023
kaiyi,e5,седан,передний,бензин,1.5 CVT (147 л.с.),147,0,False,1750000,2023
kaiyi,e5,седан,передний,бензин,1.5 CVT (147 л.с.),147,5,False,2160000,2023
kaiyi,e5,седан,передний,бензин,1.5 CVT (147 л.с.),147,0,False,1705000,2023
kaiyi,e5,седан,передний,бензин,1.5 CVT (147 л.с.),147,5,False,2065000,2023
kaiyi,e5,седан,передний,бензин,1.5 CVT (147 л.с.),147,5,False,2035000,2023
kaiyi,e5,седан,передний,бензин,1.5 CVT (147 л.с.),147,0,False,1750000,2023
kaiyi,e5,седан,передний,бензин,1.5 CVT (147 л.с.),147,0,False,1705000,2023
kaiyi,e5,седан,передний,бензин,1.5 CVT (147 л.с.),147,0,False,1750000,2023
kaiyi,e5,седан,передний,бензин,1.5 CVT (147 л.с.),147,0,False,1705000,2023
kaiyi,e5,седан,передний,бензин,1.5 CVT (147 л.с.),147,0,False,1750000,2023
kaiyi,e5,седан,передний,бензин,1.5 CVT (147 л.с.),147,0,False,1705000,2023
kaiyi,e5,седан,передний,бензин,1.5 CVT (147 л.с.),147,0,False,1750000,2023
kaiyi,e5,седан,передний,бензин,1.5 CVT (147 л.с.),147,0,False,1705000,2023
kaiyi,e5,седан,передний,бензин,1.5 CVT (147 л.с.),147,0,False,1750000,2023
kaiyi,e5,седан,передний,бензин,1.5 CVT (147 л.с.),147,0,False,1705000,2023
kaiyi,e5,седан,передний,бензин,1.5 CVT (147 л.с.),147,0,False,1705000,2023
kaiyi,e5,седан,передний,бензин,1.5 CVT (147 л.с.),147,0,False,1705000,2023
kaiyi,e5,седан,передний,бензин,1.5 CVT (147 л.с.),147,0,False,1750000,2023
kaiyi,e5,седан,передний,бензин,1.5 CVT (147 л.с.),147,0,False,1705000,2023
kaiyi,e5,седан,передний,бензин,1.5 CVT (147 л.с.),147,0,False,1750000,2023
kaiyi,e5,седан,передний,бензин,1.5 CVT (147 л.с.),147,0,False,1750000,2023
kaiyi,e5,седан,передний,бензин,1.5 CVT (147 л.с.),147,0,False,1750000,2023
kaiyi,e5,седан,передний,бензин,1.5 CVT (147 л.с.),147,0,False,1705000,2023
kaiyi,e5,седан,передний,бензин,1.5 CVT (147 л.с.),147,0,False,1750000,2023
kaiyi,e5,седан,передний,бензин,1.5 CVT (147 л.с.),147,0,False,1750000,2023
kaiyi,e5,седан,передний,бензин,1.5 CVT (147 л.с.),147,0,False,1750000,2023
kaiyi,e5,седан,передний,бензин,1.5 CVT (147 л.с.),147,0,False,1750000,2023
kaiyi,e5,седан,передний,бензин,1.5 CVT (147 л.с.),147,0,False,1705000,2023
kaiyi,e5,седан,передний,бензин,1.5 CVT (147 л.с.),147,0,False,1750000,2023
kaiyi,e5,седан,передний,бензин,1.5 CVT (147 л.с.),147,0,False,1750000,2023
kaiyi,e5,седан,передний,бензин,1.5 CVT (147 л.с.),147,0,False,1750000,2023
kaiyi,e5,седан,передний,бензин,1.5 CVT (147 л.с.),147,0,False,1750000,2023
kia,avella,седан,передний,бензин,1.5 MT (92 л.с.),92,180000,False,95000,1997
kia,carens,минивэн,передний,бензин,1.6 MT (126 л.с.),126,230000,False,640000,2009
kia,carnival,минивэн,передний,дизель,2.2 AT (199 л.с.),199,0,False,5387100,2023
kia,carnival,минивэн,передний,дизель,2.2 AT (199 л.с.),199,0,False,5200000,2023
kia,carnival,минивэн,передний,дизель,2.2 AT (199 л.с.),199,0,False,5200000,2023
kia,carnival,минивэн,передний,дизель,2.2 AT (199 л.с.),199,0,False,5200000,2023
kia,carnival,минивэн,передний,дизель,2.2 AT (199 л.с.),199,0,False,5200000,2023
kia,carnival,минивэн,передний,бензин,3.5 AT (249 л.с.),249,0,False,4950000,2023
kia,carnival,минивэн,передний,дизель,2.2 AT (199 л.с.),199,0,False,5200000,2023
kia,carnival,минивэн,передний,дизель,2.2 AT (199 л.с.),199,0,False,6050000,2023
kia,carnival,минивэн,передний,дизель,2.2 AT (199 л.с.),199,0,False,5268140,2023
kia,carnival,минивэн,передний,дизель,2.2 AT (199 л.с.),199,0,False,5200000,2023
kia,carnival,минивэн,передний,дизель,2.2 AT (199 л.с.),199,0,False,5200000,2023
kia,carnival,минивэн,передний,дизель,2.2 AT (199 л.с.),199,0,False,5200000,2023
kia,carnival,минивэн,передний,дизель,2.2 AT (199 л.с.),199,0,False,5200000,2023
kia,carnival,минивэн,передний,дизель,2.2 AT (199 л.с.),199,0,False,5200000,2023
kia,carnival,минивэн,передний,дизель,2.2 AT (199 л.с.),199,0,False,6111584,2023
kia,carnival,минивэн,передний,бензин,3.5 AT (249 л.с.),249,0,False,6750000,2023
kia,carnival,минивэн,передний,дизель,2.2 AT (199 л.с.),199,0,False,6100000,2023
kia,carnival,минивэн,передний,дизель,2.2 AT (199 л.с.),199,0,False,5750000,2023
kia,carnival,минивэн,передний,дизель,2.2 AT (199 л.с.),199,0,False,5200000,2023
kia,carnival,минивэн,передний,дизель,2.2 AT (199 л.с.),199,0,False,6400000,2023
kia,carnival,минивэн,передний,дизель,2.2 AT (199 л.с.),199,0,False,5200000,2023
kia,carnival,минивэн,передний,дизель,2.2 AT (199 л.с.),199,20840,False,4350000,2021
kia,carnival,минивэн,передний,дизель,2.2 AT (199 л.с.),199,0,False,5200000,2023
kia,carnival,минивэн,передний,бензин,2.5 MT (150 л.с.),150,250000,False,255000,2003
kia,carnival,минивэн,передний,дизель,2.2 AT (199 л.с.),199,0,False,5840000,2023
kia,carnival,минивэн,передний,дизель,2.2 AT (199 л.с.),199,0,False,6100000,2023
kia,carnival,минивэн,передний,дизель,2.2 AT (202 л.с.),202,100000,False,2630000,2017
kia,carnival,минивэн,передний,дизель,2.2 AT (199 л.с.),199,33378,False,4400000,2020
kia,carnival,минивэн,передний,дизель,2.2 AT (202 л.с.),202,29490,False,3379000,2019
kia,carnival,минивэн,передний,дизель,2.2 AT (202 л.с.),202,41900,False,3379000,2019
kia,carnival,минивэн,передний,дизель,2.2 AT (202 л.с.),202,87308,False,3144000,2018
kia,carnival,минивэн,передний,дизель,2.2 AT (199 л.с.),199,0,False,4300000,2023
kia,carnival,минивэн,передний,дизель,2.2 AT (199 л.с.),199,50105,False,4149000,2021
kia,carnival,минивэн,передний,дизель,2.2 AT (199 л.с.),199,0,False,5200000,2023
kia,carnival,минивэн,передний,дизель,2.2 AT (199 л.с.),199,0,False,5200000,2023
kia,carnival,минивэн,передний,дизель,2.2 AT (199 л.с.),199,0,False,6300000,2023
kia,carnival,минивэн,передний,дизель,2.2 AT (199 л.с.),199,0,False,5950000,2023
kia,ceed,универсал,передний,дизель,1.6 MT (115 л.с.),115,215000,False,735000,2008
kia,ceed,хетчбэк,передний,бензин,1.6 MT (129 л.с.),129,137387,False,1099000,2014
kia,ceed,хетчбэк,передний,бензин,1.4 MT (109 л.с.),109,175000,False,639000,2009
kia,ceed,хетчбэк,передний,бензин,1.6 MT (122 л.с.),122,173000,False,620000,2009
kia,ceed,универсал,передний,бензин,1.6 AMT (135 л.с.),135,105892,False,1699000,2018
kia,ceed,хетчбэк,передний,бензин,1.6 AT (115 л.с.),115,283404,False,505000,2007
kia,ceed,хетчбэк,передний,бензин,1.6 MT (129 л.с.),129,108000,False,1165000,2013
kia,ceed,хетчбэк,передний,бензин,1.4 MT (109 л.с.),109,252918,False,519000,2007
kia,ceed,хетчбэк,передний,бензин,1.6 AT (122 л.с.),122,183508,False,850000,2011
kia,ceed,универсал,передний,бензин,1.6 AT (130 л.с.),130,122000,False,1399000,2018
kia,ceed,хетчбэк,передний,бензин,1.6 MT (122 л.с.),122,178879,False,629000,2008
kia,ceed,хетчбэк,передний,бензин,1.6 AT (129 л.с.),129,104000,False,850000,2012
kia,ceed,хетчбэк,передний,бензин,1.6 MT (122 л.с.),122,400000,False,330000,2008
kia,ceed,хетчбэк,передний,бензин,1.6 MT (115 л.с.),115,225652,False,575000,2007
kia,ceed,хетчбэк,передний,бензин,1.6 AT (122 л.с.),122,139000,False,655000,2009
kia,ceed,универсал,передний,бензин,1.6 AT (129 л.с.),129,217674,False,1105000,2013
kia,ceed,хетчбэк,передний,бензин,1.6 MT (122 л.с.),122,293300,False,545000,2008
kia,ceed,хетчбэк,передний,бензин,1.6 AT (130 л.с.),130,82809,False,1699000,2018
kia,ceed,хетчбэк,передний,бензин,1.6 AT (129 л.с.),129,72100,False,1150000,2014
kia,ceed,хетчбэк,передний,бензин,1.6 AT (122 л.с.),122,168000,False,870000,2010
kia,ceed,хетчбэк,передний,бензин,1.6 MT (130 л.с.),130,241618,False,1149000,2016
kia,ceed,универсал,передний,бензин,1.6 AT (128 л.с.),128,52000,False,2350000,2021
kia,ceed,хетчбэк,передний,бензин,1.6 MT (129 л.с.),129,96000,False,1260000,2015
kia,ceed,хетчбэк,передний,бензин,1.6 MT (130 л.с.),130,128000,False,1250000,2015
kia,ceed,универсал,передний,бензин,1.6 AT (130 л.с.),130,121000,False,1500000,2016
kia,ceed,универсал,передний,бензин,1.6 MT (122 л.с.),122,295000,False,450000,2009
kia,ceed,универсал,передний,бензин,1.6 MT (129 л.с.),129,162000,False,1230000,2015
kia,ceed,хетчбэк,передний,бензин,1.6 AT (128 л.с.),128,104682,False,1749000,2018
kia,ceed,хетчбэк,передний,бензин,1.6 MT (129 л.с.),129,168300,False,1230000,2014
kia,ceed,хетчбэк,передний,бензин,1.6 AT (130 л.с.),130,104810,False,1480000,2017
kia,ceed,универсал,передний,бензин,1.6 AT (128 л.с.),128,63494,False,1973000,2019
kia,ceed,хетчбэк,передний,бензин,1.4 AMT (140 л.с.),140,58000,False,2190000,2018
kia,ceed,универсал,передний,бензин,1.4 MT (109 л.с.),109,270000,False,650000,2008
kia,ceed,универсал,передний,бензин,1.6 AT (130 л.с.),130,88243,False,1549000,2017
kia,ceed,хетчбэк,передний,бензин,1.6 AT (129 л.с.),129,106274,False,1229000,2012
kia,ceed,хетчбэк,передний,бензин,1.6 MT (122 л.с.),122,282739,False,659000,2009
kia,ceed,универсал,передний,бензин,1.6 AT (128 л.с.),128,55338,False,2170000,2021
kia,ceed,хетчбэк,передний,бензин,1.6 MT (122 л.с.),122,150714,False,799000,2010
kia,ceed,универсал,передний,бензин,1.6 MT (129 л.с.),129,97717,False,1275000,2013
kia,ceed,хетчбэк,передний,бензин,1.6 AT (130 л.с.),130,86306,False,1429000,2015
kia,cerato,седан,передний,бензин,1.6 MT (105 л.с.),105,235000,False,425000,2006
kia,cerato,седан,передний,бензин,2.0 AT (150 л.с.),150,60000,False,2000000,2019
kia,cerato,седан,передний,бензин,2.0 AT (150 л.с.),150,47500,False,1840000,2020
kia,cerato,седан,передний,бензин,2.0 AT (150 л.с.),150,122849,False,1879000,2020
kia,cerato,купе,передний,бензин,2.0 AT (150 л.с.),150,171000,False,999000,2010
kia,cerato,седан,передний,бензин,2.0 AT (150 л.с.),150,72000,False,1490000,2018
kia,cerato,седан,передний,бензин,1.6 MT (126 л.с.),126,205000,False,850000,2011
kia,cerato,седан,передний,бензин,1.6 MT (122 л.с.),122,330000,False,350000,2008
kia,cerato,седан,передний,бензин,2.0 AT (150 л.с.),150,48000,False,1950000,2019
kia,cerato,седан,передний,бензин,1.6 AT (122 л.с.),122,273774,False,520000,2007
kia,cerato,седан,передний,бензин,1.6 MT (126 л.с.),126,203000,False,865000,2012
kia,cerato,седан,передний,бензин,1.6 MT (105 л.с.),105,194000,False,267000,2005
kia,cerato,седан,передний,бензин,1.6 AT (128 л.с.),128,17780,False,2400000,2021
kia,cerato,седан,передний,бензин,2.0 AT (150 л.с.),150,83000,False,1920000,2020
kia,clarus,седан,передний,бензин,2.0 MT (133 л.с.),133,325523,False,155555,2001
kia,forte,седан,передний,бензин,2.0 AT (149 л.с.),149,34000,False,1750000,2019
kia,joice,минивэн,передний,бензин,2.0 MT (139 л.с.),139,232279,True,180000,2001
kia,k3,седан,передний,бензин,1.6 AT (123 л.с.),123,45300,False,1995000,2019
kia,k5,седан,передний,бензин,2.5 AT (194 л.с.),194,68045,False,2929000,2020
kia,k5,седан,передний,бензин,2.0 AT (150 л.с.),150,0,False,3950000,2023
kia,k5,седан,передний,бензин,2.0 AT (150 л.с.),150,0,False,3950000,2023
kia,k5,седан,передний,бензин,2.0 AT (150 л.с.),150,0,False,3950000,2023
kia,k5,седан,передний,бензин,2.5 AT (194 л.с.),194,25100,False,3279000,2021
kia,k5,седан,передний,бензин,2.5 AT (194 л.с.),194,0,False,4200000,2023
kia,k5,седан,передний,бензин,2.5 AT (194 л.с.),194,0,False,4300000,2023
kia,k5,седан,передний,бензин,2.0 AT (150 л.с.),150,0,False,3500000,2023
kia,k5,седан,передний,бензин,2.5 AT (194 л.с.),194,35,False,4199000,2023
kia,k5,седан,передний,бензин,2.0 AT (150 л.с.),150,72000,False,2820000,2021
kia,k5,седан,передний,бензин,2.5 AT (194 л.с.),194,33100,False,3250000,2021
kia,k5,седан,передний,бензин,2.5 AT (194 л.с.),194,52977,False,3099000,2020
kia,k5,седан,передний,бензин,2.0 AT (150 л.с.),150,38000,False,2682000,2021
kia,k5,седан,передний,бензин,2.5 AT (194 л.с.),194,44024,False,3049000,2021
kia,k5,седан,передний,бензин,2.0 AT (150 л.с.),150,30000,False,3200000,2020
kia,k5,седан,передний,бензин,2.5 AT (194 л.с.),194,45000,False,3199000,2021
kia,k5,седан,передний,бензин,2.5 AT (194 л.с.),194,0,False,4300000,2023
kia,k5,седан,передний,бензин,2.0 AT (150 л.с.),150,0,False,3500000,2023
kia,k5,седан,передний,бензин,2.5 AT (194 л.с.),194,34000,False,3356000,2021
kia,k5,седан,передний,бензин,2.0 AT (150 л.с.),150,0,False,4100000,2023
kia,mohave,внедорожник,полный,дизель,3.0 AT (249 л.с.),249,0,False,6700000,2023
kia,mohave,внедорожник,полный,дизель,3.0 AT (249 л.с.),249,0,False,6000000,2023
kia,mohave,внедорожник,полный,дизель,3.0 AT (249 л.с.),249,0,False,6590000,2023
kia,mohave,внедорожник,полный,дизель,3.0 AT (249 л.с.),249,0,False,6000000,2023
kia,mohave,внедорожник,полный,дизель,3.0 AT (249 л.с.),249,0,False,6590000,2023
kia,mohave,внедорожник,полный,дизель,3.0 AT (249 л.с.),249,0,False,6590000,2023
kia,mohave,внедорожник,полный,дизель,3.0 AT (249 л.с.),249,0,False,6590000,2023
kia,mohave,внедорожник,полный,дизель,3.0 AT (249 л.с.),249,0,False,6689510,2023
kia,mohave,внедорожник,полный,дизель,3.0 AT (249 л.с.),249,0,False,6590000,2023
kia,mohave,внедорожник,полный,дизель,3.0 AT (249 л.с.),249,0,False,6550000,2023
kia,mohave,внедорожник,полный,дизель,3.0 AT (249 л.с.),249,0,False,6590000,2023
kia,mohave,внедорожник,полный,дизель,3.0 AT (249 л.с.),249,0,False,6878650,2023
kia,mohave,внедорожник,полный,дизель,3.0 AT (249 л.с.),249,0,False,6590000,2023
kia,mohave,внедорожник,полный,дизель,3.0 AT (249 л.с.),249,0,False,6690000,2023
kia,mohave,внедорожник,полный,дизель,3.0 AT (249 л.с.),249,0,False,6590000,2023
kia,mohave,внедорожник,полный,дизель,3.0 AT (249 л.с.),249,0,False,6590000,2023
kia,mohave,внедорожник,полный,дизель,3.0 AT (249 л.с.),249,0,False,6550000,2023
kia,mohave,внедорожник,полный,дизель,3.0 AT (249 л.с.),249,0,False,6690000,2023
kia,mohave,внедорожник,полный,дизель,3.0 AT (249 л.с.),249,0,False,6550000,2023
kia,mohave,внедорожник,полный,дизель,3.0 AT (249 л.с.),249,0,False,6590000,2023
kia,mohave,внедорожник,полный,дизель,3.0 AT (249 л.с.),249,0,False,6590000,2023
kia,mohave,внедорожник,полный,дизель,3.0 AT (249 л.с.),249,0,False,6850000,2023
kia,mohave,внедорожник,полный,дизель,3.0 AT (249 л.с.),249,0,False,6700000,2023
kia,mohave,внедорожник,полный,дизель,3.0 AT (249 л.с.),249,0,False,6550000,2023
kia,mohave,внедорожник,полный,дизель,3.0 AT (249 л.с.),249,0,False,6590000,2023
kia,mohave,внедорожник,полный,дизель,3.0 AT (249 л.с.),249,0,False,6000000,2023
kia,mohave,внедорожник,полный,дизель,3.0 AT (249 л.с.),249,0,False,6000000,2023
kia,mohave,внедорожник,полный,дизель,3.0 AT (249 л.с.),249,0,False,6590000,2023
kia,mohave,внедорожник,полный,дизель,3.0 AT (249 л.с.),249,0,False,6550000,2023
kia,mohave,внедорожник,полный,дизель,3.0 AT (249 л.с.),249,0,False,6089176,2023
kia,mohave,внедорожник,полный,дизель,3.0 AT (249 л.с.),249,0,False,6200000,2023
kia,mohave,внедорожник,полный,дизель,3.0 AT (249 л.с.),249,0,False,6550000,2023
kia,mohave,внедорожник,полный,дизель,3.0 AT (249 л.с.),249,0,False,6590000,2023
kia,mohave,внедорожник,полный,дизель,3.0 AT (249 л.с.),249,0,False,6590000,2023
kia,mohave,внедорожник,полный,дизель,3.0 AT (250 л.с.),250,144763,False,2449000,2015
kia,mohave,внедорожник,полный,дизель,3.0 AT (257 л.с.),257,99,False,6200000,2022
kia,mohave,внедорожник,полный,дизель,3.0 AT (249 л.с.),249,0,False,6000000,2023
kia,mohave,внедорожник,полный,дизель,3.0 AT (249 л.с.),249,0,False,6590000,2023
kia,mohave,внедорожник,полный,дизель,3.0 AT (249 л.с.),249,0,False,6700000,2023
kia,mohave,внедорожник,полный,дизель,3.0 AT (249 л.с.),249,0,False,6220130,2023
kia,optima,седан,передний,бензин,2.4 AT (188 л.с.),188,99255,False,2099000,2018
kia,optima,седан,передний,гибрид,2.4 AT (207 л.с.),207,61000,False,1775000,2017
kia,optima,седан,передний,бензин,2.0 MT (150 л.с.),150,195000,True,630000,2018
kia,optima,седан,передний,бензин,2.4 AT (188 л.с.),188,72000,False,2550000,2018
kia,optima,седан,передний,бензин,2.4 AT (180 л.с.),180,149800,False,1247000,2013
kia,optima,седан,передний,бензин,2.4 AT (185 л.с.),185,84832,False,1950000,2017
kia,optima,седан,передний,бензин,2.4 AT (188 л.с.),188,110234,False,2300000,2019
kia,optima,седан,передний,бензин,2.0 AT (150 л.с.),150,147000,False,1820000,2018
kia,optima,седан,передний,бензин,2.4 AT (188 л.с.),188,110000,False,1900000,2017
kia,optima,седан,передний,бензин,2.4 AT (188 л.с.),188,88652,False,1599000,2017
kia,optima,седан,передний,бензин,2.4 AT (188 л.с.),188,123000,False,1950000,2016
kia,optima,седан,передний,бензин,2.0 MT (150 л.с.),150,212000,False,1100000,2012
kia,optima,седан,передний,бензин,2.4 AT (188 л.с.),188,45000,False,1660000,2019
kia,optima,седан,передний,бензин,2.4 AT (140 л.с.),140,2004,False,170000,2002
kia,optima,седан,передний,бензин,2.4 AT (188 л.с.),188,138243,False,1999000,2018
kia,optima,седан,передний,бензин,2.0 AT (150 л.с.),150,49500,False,2350000,2018
kia,optima,седан,передний,бензин,2.4 AT (188 л.с.),188,137343,False,1869000,2017
kia,picanto,хетчбэк,передний,бензин,1.0 MT (67 л.с.),67,6779,False,1449000,2020
kia,picanto,хетчбэк,передний,бензин,1.0 MT (69 л.с.),69,46800,False,735000,2014
kia,picanto,хетчбэк,передний,бензин,1.1 AT (65 л.с.),65,130373,False,649000,2010
kia,picanto,хетчбэк,передний,бензин,1.0 MT (69 л.с.),69,60000,False,780000,2012
kia,picanto,хетчбэк,передний,бензин,1.0 MT (60 л.с.),60,140263,False,349000,2005
kia,picanto,хетчбэк,передний,бензин,1.1 AT (64 л.с.),64,102900,False,515000,2006
kia,picanto,хетчбэк,передний,бензин,1.1 AT (64 л.с.),64,175000,False,450000,2007
kia,picanto,хетчбэк,передний,бензин,1.0 MT (62 л.с.),62,132150,False,499000,2010
kia,picanto,хетчбэк,передний,бензин,1.0 MT (69 л.с.),69,130000,False,658000,2013
kia,picanto,хетчбэк,передний,бензин,1.2 AT (85 л.с.),85,66770,False,1099000,2014
kia,proceed,универсал,передний,бензин,1.6 AMT (200 л.с.),200,99904,False,2449000,2019
kia,rio,седан,передний,бензин,1.6 AT (123 л.с.),123,165000,False,1250000,2016
kia,rio,хетчбэк,передний,бензин,1.6 AT (123 л.с.),123,128383,False,1299000,2016
kia,rio,седан,передний,бензин,1.4 AT (107 л.с.),107,106478,False,1199000,2016
kia,rio,седан,передний,бензин,1.6 AT (123 л.с.),123,119000,False,1270000,2017
kia,rio,седан,передний,бензин,1.6 MT (123 л.с.),123,121000,False,999000,2015
kia,rio,седан,передний,бензин,1.6 AT (123 л.с.),123,79000,False,1249000,2016
kia,rio,седан,передний,бензин,1.5 MT (98 л.с.),98,200000,False,235000,2003
kia,rio,седан,передний,бензин,1.6 AT (123 л.с.),123,148000,False,845000,2016
kia,rio,седан,передний,бензин,1.6 MT (123 л.с.),123,207000,False,550000,2012
kia,rio,хетчбэк,передний,бензин,1.4 MT (97 л.с.),97,131880,False,459000,2009
kia,rio,седан,передний,бензин,1.4 MT (100 л.с.),100,220000,False,820000,2018
kia,rio,седан,передний,бензин,1.4 MT (107 л.с.),107,137000,False,827000,2014
kia,rio,седан,передний,бензин,1.4 MT (100 л.с.),100,69700,False,1399000,2019
kia,rio,седан,передний,бензин,1.5 MT (97 л.с.),97,302000,False,220000,2004
kia,rio,седан,передний,бензин,1.4 AT (107 л.с.),107,172162,False,720000,2011
kia,rio,седан,передний,бензин,1.6 AT (123 л.с.),123,109094,False,1249000,2016
kia,rio,седан,передний,бензин,1.4 MT (107 л.с.),107,175175,False,719000,2012
kia,rio,хетчбэк,передний,бензин,1.5 MT (97 л.с.),97,301000,False,165000,2005
kia,rio,седан,передний,бензин,1.6 AT (123 л.с.),123,27768,False,1699000,2020
kia,rio,седан,передний,бензин,1.4 MT (100 л.с.),100,74000,False,1310000,2017
kia,rio,хетчбэк,передний,бензин,1.3 MT (75 л.с.),75,130000,False,135000,2002
kia,rio,седан,передний,бензин,1.4 MT (107 л.с.),107,143712,False,779000,2011
kia,rio,седан,передний,бензин,1.6 MT (123 л.с.),123,194000,False,650000,2012
kia,rio,хетчбэк,передний,бензин,1.4 MT (97 л.с.),97,147000,False,430000,2009
kia,rio,хетчбэк,передний,бензин,1.6 AT (123 л.с.),123,131280,False,820000,2014
kia,rio,седан,передний,бензин,1.4 AT (107 л.с.),107,80000,False,1290000,2015
kia,rio,хетчбэк,передний,бензин,1.6 MT (123 л.с.),123,68000,False,1250000,2017
kia,rio,седан,передний,бензин,1.6 MT (123 л.с.),123,75721,False,1149000,2016
kia,rio,седан,передний,бензин,1.6 AT (123 л.с.),123,160000,False,845000,2013
kia,rio,седан,передний,бензин,1.6 MT (123 л.с.),123,75175,False,1438000,2019
kia,rio,хетчбэк,передний,бензин,1.4 AT (107 л.с.),107,93000,False,879000,2013
kia,rio,седан,передний,бензин,1.6 AT (123 л.с.),123,77988,False,1550000,2018
kia,rio,седан,передний,бензин,1.6 MT (123 л.с.),123,132000,False,1250000,2017
kia,rio,седан,передний,бензин,1.6 MT (123 л.с.),123,162001,False,1165000,2017
kia,rio,седан,передний,бензин,1.6 MT (123 л.с.),123,272000,False,650000,2014
kia,rio,седан,передний,бензин,1.6 AT (123 л.с.),123,54470,False,1150000,2015
kia,rio,хетчбэк,передний,бензин,1.5 MT (98 л.с.),98,300000,False,130000,2000
kia,rio,седан,передний,бензин,1.6 MT (123 л.с.),123,193500,False,870000,2012
kia,rio,седан,передний,бензин,1.6 AT (123 л.с.),123,89234,False,1199000,2015
kia,rio,седан,передний,бензин,1.4 MT (95 л.с.),95,72000,False,795000,2011
kia,rio,хетчбэк,передний,бензин,1.4 MT (95 л.с.),95,209000,False,615000,2010
kia,rio,седан,передний,бензин,1.6 AT (123 л.с.),123,39000,False,1920000,2021
kia,rio,седан,передний,бензин,1.6 AT (123 л.с.),123,149000,False,1100000,2017
kia,rio,седан,передний,бензин,1.4 MT (95 л.с.),95,119159,False,700000,2009
kia,rio,седан,передний,бензин,1.4 MT (107 л.с.),107,228654,False,826000,2013
kia,rio,седан,передний,бензин,1.6 AT (123 л.с.),123,95000,False,1195000,2016
kia,rio,седан,передний,бензин,1.6 MT (123 л.с.),123,68950,False,1600000,2018
kia,rio,седан,передний,бензин,1.4 MT (107 л.с.),107,48529,False,979000,2015
kia,rio,седан,передний,бензин,1.6 MT (123 л.с.),123,120268,False,1385000,2017
kia,rio,хетчбэк,передний,бензин,1.6 MT (123 л.с.),123,97557,False,999000,2015
kia,rio,седан,передний,бензин,1.6 AT (123 л.с.),123,128000,False,1750000,2020
kia,rio,седан,передний,бензин,1.5 AT (98 л.с.),98,273000,False,150000,2002
kia,rio,седан,передний,бензин,1.6 MT (123 л.с.),123,450000,False,1000000,2018
kia,rio,универсал,передний,бензин,1.5 MT (97 л.с.),97,190000,False,330000,2005
kia,rio,седан,передний,бензин,1.4 MT (107 л.с.),107,116335,False,995000,2014
kia,rio,хетчбэк,передний,бензин,1.5 MT (97 л.с.),97,134019,False,290000,2004
kia,rio,хетчбэк,передний,бензин,1.4 MT (95 л.с.),95,198000,False,685000,2010
kia,rio,хетчбэк,передний,бензин,1.4 MT (97 л.с.),97,291286,False,389000,2005
kia,rio,седан,передний,бензин,1.6 MT (123 л.с.),123,36218,False,1899000,2021
kia,rio_x,хетчбэк,передний,бензин,1.6 AT (123 л.с.),123,2000,False,2100000,2022
kia,rio_x,хетчбэк,передний,бензин,1.6 AT (123 л.с.),123,2000,False,2100000,2022
kia,rio_x,хетчбэк,передний,бензин,1.6 MT (123 л.с.),123,61000,False,1700000,2018
kia,rio_x,хетчбэк,передний,бензин,1.6 AT (123 л.с.),123,30000,False,1770000,2020
kia,rio_x,хетчбэк,передний,бензин,1.6 MT (123 л.с.),123,63245,False,1449000,2018
kia,rio_x,хетчбэк,передний,бензин,1.6 MT (123 л.с.),123,62847,False,1588000,2018
kia,rio_x,хетчбэк,передний,бензин,1.4 AT (100 л.с.),100,111900,False,1285000,2017
kia,rio_x,хетчбэк,передний,бензин,1.4 AT (100 л.с.),100,58920,False,1585000,2020
kia,rio_x,хетчбэк,передний,бензин,1.6 MT (123 л.с.),123,70979,False,1680000,2018
kia,rio_x,хетчбэк,передний,бензин,1.4 AT (100 л.с.),100,38500,False,1850000,2020
kia,rio_x,хетчбэк,передний,бензин,1.6 AT (123 л.с.),123,91000,False,1505000,2018
kia,seltos,внедорожник,передний,бензин,2.0 CVT (149 л.с.),149,0,False,2950000,2023
kia,seltos,внедорожник,передний,бензин,2.0 CVT (149 л.с.),149,0,False,2700000,2023
kia,seltos,внедорожник,полный,бензин,1.6 AMT (177 л.с.),177,25500,False,2470000,2021
kia,seltos,внедорожник,полный,бензин,1.6 AT (121 л.с.),121,8300,False,2990000,2022
kia,seltos,внедорожник,передний,бензин,2.0 CVT (149 л.с.),149,0,False,2950000,2023
kia,seltos,внедорожник,передний,бензин,2.0 CVT (149 л.с.),149,0,False,2950000,2023
kia,seltos,внедорожник,передний,бензин,2.0 CVT (149 л.с.),149,0,False,2700000,2023
kia,seltos,внедорожник,полный,бензин,1.6 AMT (177 л.с.),177,25500,False,2470000,2021
kia,seltos,внедорожник,полный,бензин,1.6 AT (121 л.с.),121,8300,False,2990000,2022
kia,seltos,внедорожник,передний,бензин,2.0 CVT (149 л.с.),149,0,False,2950000,2023
kia,sephia,седан,передний,бензин,1.5 MT (92 л.с.),92,200000,False,85000,1998
kia,shuma,лифтбек,передний,бензин,1.8 MT (114 л.с.),114,222400,False,200000,2004
kia,shuma,лифтбек,передний,бензин,1.5 MT (88 л.с.),88,280000,False,90000,1998
kia,sorento,внедорожник,полный,бензин,2.4 AT (175 л.с.),175,126300,False,1628000,2014
kia,sorento,внедорожник,полный,бензин,2.4 MT (139 л.с.),139,200000,False,550000,2005
kia,sorento,внедорожник,полный,бензин,2.4 AT (175 л.с.),175,183100,False,1690000,2013
kia,sorento,внедорожник,полный,бензин,2.4 AT (175 л.с.),175,83100,False,2320000,2018
kia,sorento,внедорожник,полный,бензин,3.5 AT (249 л.с.),249,29000,False,5199000,2021
kia,sorento,внедорожник,полный,дизель,2.2 AT (197 л.с.),197,136241,False,1799000,2014
kia,sorento,внедорожник,полный,бензин,2.4 MT (139 л.с.),139,212000,False,400000,2005
kia,sorento,внедорожник,полный,бензин,2.4 AT (175 л.с.),175,134300,False,1510000,2011
kia,sorento,внедорожник,полный,бензин,2.4 AT (175 л.с.),175,234000,False,1330000,2011
kia,sorento,внедорожник,полный,бензин,2.4 AT (175 л.с.),175,155000,False,1821000,2014
kia,sorento,внедорожник,полный,дизель,2.5 MT (140 л.с.),140,183000,False,700000,2006
kia,sorento,внедорожник,передний,дизель,2.0 AT (184 л.с.),184,62000,False,2950000,2019
kia,sorento,внедорожник,полный,бензин,2.4 AT (175 л.с.),175,28200,False,3000000,2020
kia,sorento,внедорожник,полный,бензин,2.4 MT (139 л.с.),139,300000,False,400000,2005
kia,sorento,внедорожник,полный,бензин,2.5 AT (179 л.с.),179,0,False,4550000,2023
kia,sorento,внедорожник,передний,бензин,2.4 MT (175 л.с.),175,149728,False,1659000,2013
kia,sorento,внедорожник,полный,бензин,2.5 AT (179 л.с.),179,5151,False,4450000,2022
kia,sorento,внедорожник,полный,бензин,3.3 AT (248 л.с.),248,186479,False,959000,2007
kia,sorento,внедорожник,полный,бензин,2.5 AT (179 л.с.),179,0,False,4550000,2023
kia,sorento,внедорожник,передний,дизель,2.2 AMT (202 л.с.),202,52136,False,3979000,2020
kia,sorento,внедорожник,полный,бензин,2.5 AT (179 л.с.),179,67542,False,3635000,2021
kia,sorento,внедорожник,полный,бензин,2.5 AT (179 л.с.),179,0,False,4550000,2023
kia,sorento,внедорожник,полный,бензин,2.4 AT (175 л.с.),175,239800,False,1399000,2010
kia,sorento,внедорожник,полный,бензин,2.4 AT (175 л.с.),175,229000,False,1430000,2012
kia,sorento,внедорожник,полный,дизель,2.2 AMT (199 л.с.),199,0,False,4840920,2023
kia,sorento,внедорожник,полный,бензин,2.5 AT (179 л.с.),179,0,False,4750000,2023
kia,sorento,внедорожник,полный,бензин,2.5 AT (179 л.с.),179,0,False,3800000,2023
kia,sorento,внедорожник,полный,бензин,2.5 AT (179 л.с.),179,0,False,4750000,2023
kia,sorento,внедорожник,полный,бензин,2.5 AT (179 л.с.),179,0,False,4750000,2023
kia,sorento,внедорожник,полный,бензин,2.5 AT (179 л.с.),179,0,False,4800000,2023
kia,sorento,внедорожник,полный,бензин,2.5 AT (179 л.с.),179,0,False,4550000,2023
kia,sorento_prime,внедорожник,полный,дизель,2.2 AT (200 л.с.),200,97700,False,3250000,2018
kia,sorento_prime,внедорожник,передний,дизель,2.0 AT (186 л.с.),186,62000,False,2870000,2019
kia,sorento_prime,внедорожник,полный,бензин,2.4 AT (188 л.с.),188,158000,False,2600000,2019
kia,sorento_prime,внедорожник,полный,дизель,2.0 AT (186 л.с.),186,70831,False,2999000,2018
kia,sorento_prime,внедорожник,полный,дизель,2.2 AT (200 л.с.),200,93263,False,2984000,2017
kia,sorento_prime,внедорожник,полный,бензин,3.3 AT (250 л.с.),250,144000,False,2670000,2017
kia,sorento_prime,внедорожник,полный,бензин,2.4 AT (188 л.с.),188,106770,False,2899000,2018
kia,sorento_prime,внедорожник,полный,дизель,2.2 AT (200 л.с.),200,144000,False,3100000,2018
kia,soul,хетчбэк,передний,бензин,1.6 AT (132 л.с.),132,106596,False,1649000,2016
kia,soul,внедорожник,передний,бензин,1.6 AT (124 л.с.),124,98500,False,1690000,2018
kia,soul,хетчбэк,передний,бензин,1.6 AT (124 л.с.),124,159000,False,1140000,2010
kia,soul,хетчбэк,передний,дизель,1.6 AT (128 л.с.),128,149760,False,845000,2010
kia,soul,внедорожник,передний,бензин,1.6 AT (124 л.с.),124,56300,False,1785000,2018
kia,soul,хетчбэк,передний,дизель,1.6 MT (128 л.с.),128,180320,False,799000,2009
kia,soul,внедорожник,передний,бензин,2.0 AT (150 л.с.),150,59190,False,2269000,2019
kia,soul,внедорожник,передний,электро,AT (110 л.с.),110,31500,False,1690000,2017
kia,soul,внедорожник,передний,бензин,1.6 AT (123 л.с.),123,0,False,2580000,2022
kia,soul,внедорожник,передний,бензин,1.6 AT (132 л.с.),132,112000,False,1625000,2018
kia,soul,внедорожник,передний,бензин,2.0 AT (150 л.с.),150,40000,False,1940000,2018
kia,soul,хетчбэк,передний,бензин,1.6 AT (124 л.с.),124,87000,False,1078000,2011
kia,soul,внедорожник,передний,бензин,1.6 AT (123 л.с.),123,77007,False,2188000,2019
kia,soul,хетчбэк,передний,бензин,1.6 MT (129 л.с.),129,166000,False,1049000,2013
kia,soul,внедорожник,передний,бензин,1.6 AT (123 л.с.),123,0,False,2499000,2023
kia,soul,хетчбэк,передний,бензин,1.6 MT (124 л.с.),124,108470,False,939000,2009
kia,soul,хетчбэк,передний,бензин,1.6 AT (129 л.с.),129,139102,False,1399000,2014
kia,spectra,седан,передний,бензин,1.6 AT (101 л.с.),101,119000,False,320000,2007
kia,spectra,седан,передний,бензин,1.6 MT (101 л.с.),101,160000,False,305000,2011
kia,spectra,седан,передний,бензин,1.6 MT (101 л.с.),101,250000,False,200000,2007
kia,spectra,седан,передний,бензин,1.6 MT (101 л.с.),101,204000,False,325000,2007
kia,spectra,седан,передний,бензин,1.6 MT (101 л.с.),101,356895,False,240000,2007
kia,spectra,седан,передний,бензин,1.6 MT (101 л.с.),101,203488,False,359000,2007
kia,spectra,седан,передний,бензин,1.6 MT (101 л.с.),101,230000,False,180000,2006
kia,spectra,седан,передний,бензин,1.6 MT (101 л.с.),101,218543,False,249000,2006
kia,spectra,седан,передний,бензин,1.6 AT (101 л.с.),101,147000,False,300000,2008
kia,spectra,седан,передний,бензин,1.6 MT (101 л.с.),101,350000,True,125000,2009
kia,spectra,седан,передний,бензин,1.6 MT (101 л.с.),101,223000,False,210000,2006
kia,spectra,седан,передний,бензин,1.6 AT (101 л.с.),101,211000,False,300000,2007
kia,spectra,седан,передний,бензин,1.6 MT (101 л.с.),101,240000,False,300000,2005
kia,spectra,седан,передний,бензин,1.6 MT (101 л.с.),101,218000,False,275000,2007
kia,spectra,седан,передний,бензин,1.6 MT (101 л.с.),101,281800,False,300000,2008
kia,spectra,седан,передний,бензин,1.6 MT (101 л.с.),101,160000,True,230000,2008
kia,spectra,седан,передний,бензин,1.6 MT (101 л.с.),101,167000,False,300000,2006
kia,spectra,седан,передний,бензин,1.6 MT (101 л.с.),101,330000,False,175000,2006
kia,sportage,внедорожник,передний,бензин,2.5 AT (187 л.с.),187,0,False,4250000,2023
kia,sportage,внедорожник,передний,бензин,2.5 AT (187 л.с.),187,0,False,4750000,2023
kia,sportage,внедорожник,передний,бензин,2.5 AT (187 л.с.),187,0,False,4250000,2023
kia,sportage,внедорожник,передний,бензин,2.5 AT (187 л.с.),187,0,False,4650000,2023
kia,sportage,внедорожник,передний,бензин,2.5 AT (187 л.с.),187,0,False,4650000,2023
kia,sportage,внедорожник,передний,бензин,2.5 AT (187 л.с.),187,0,False,4400000,2023
kia,sportage,внедорожник,передний,бензин,2.0 AT (150 л.с.),150,0,False,3550000,2023
kia,sportage,внедорожник,передний,бензин,2.0 AT (150 л.с.),150,0,False,3950000,2023
kia,sportage,внедорожник,передний,бензин,2.5 AT (187 л.с.),187,0,False,4650000,2023
kia,sportage,внедорожник,передний,бензин,2.5 AT (187 л.с.),187,0,False,4650000,2023
kia,sportage,внедорожник,передний,бензин,2.5 AT (187 л.с.),187,0,False,4250000,2023
kia,sportage,внедорожник,передний,бензин,2.5 AT (187 л.с.),187,0,False,4250000,2023
kia,sportage,внедорожник,передний,бензин,2.5 AT (187 л.с.),187,0,False,4650000,2023
kia,sportage,внедорожник,передний,бензин,2.5 AT (187 л.с.),187,0,False,4650000,2023
kia,sportage,внедорожник,передний,бензин,2.0 AT (150 л.с.),150,0,False,3550000,2023
kia,sportage,внедорожник,передний,бензин,2.5 AT (187 л.с.),187,0,False,4650000,2023
kia,sportage,внедорожник,передний,бензин,2.5 AT (187 л.с.),187,0,False,4250000,2023
kia,sportage,внедорожник,передний,бензин,2.5 AT (187 л.с.),187,0,False,4250000,2023
kia,sportage,внедорожник,передний,бензин,2.5 AT (187 л.с.),187,0,False,4750000,2023
kia,sportage,внедорожник,передний,бензин,2.5 AT (187 л.с.),187,0,False,4400000,2023
kia,sportage,внедорожник,передний,бензин,2.0 AT (150 л.с.),150,0,False,3421094,2023
kia,sportage,внедорожник,полный,бензин,2.0 AT (150 л.с.),150,0,False,3850000,2023
kia,sportage,внедорожник,передний,бензин,2.5 AT (187 л.с.),187,0,False,4250000,2023
kia,sportage,внедорожник,передний,бензин,2.5 AT (187 л.с.),187,0,False,4250000,2023
kia,sportage,внедорожник,передний,бензин,2.0 AT (150 л.с.),150,0,False,3550000,2023
kia,sportage,внедорожник,передний,бензин,2.0 AT (150 л.с.),150,0,False,3931465,2023
kia,sportage,внедорожник,передний,бензин,2.0 AT (150 л.с.),150,0,False,3400000,2023
kia,sportage,внедорожник,передний,бензин,2.5 AT (187 л.с.),187,0,False,4250000,2023
kia,sportage,внедорожник,полный,бензин,2.0 AT (150 л.с.),150,94000,False,1740000,2013
kia,sportage,внедорожник,передний,бензин,2.5 AT (187 л.с.),187,0,False,4650000,2023
kia,sportage,внедорожник,передний,бензин,2.0 AT (150 л.с.),150,110000,False,1510000,2015
kia,sportage,внедорожник,полный,бензин,2.4 AT (184 л.с.),184,30841,False,3000000,2019
kia,sportage,внедорожник,передний,бензин,2.0 AT (150 л.с.),150,147000,False,2070000,2017
kia,sportage,внедорожник,передний,бензин,2.0 MT (150 л.с.),150,192831,False,1090000,2012
kia,sportage,внедорожник,полный,бензин,2.0 AT (150 л.с.),150,89630,False,1429000,2012
kia,sportage,внедорожник,полный,бензин,2.5 AT (190 л.с.),190,0,False,4550000,2023
kia,sportage,внедорожник,полный,бензин,2.0 MT (150 л.с.),150,149000,False,1899000,2016
kia,sportage,внедорожник,передний,бензин,2.5 AT (187 л.с.),187,0,False,4650000,2023
kia,sportage,внедорожник,полный,дизель,2.0 AT (136 л.с.),136,149000,False,1599000,2012
kia,sportage,внедорожник,передний,бензин,2.0 AT (150 л.с.),150,88530,False,1789000,2014
kia,sportage,внедорожник,полный,бензин,2.0 AT (141 л.с.),141,168000,False,1175000,2008
kia,sportage,внедорожник,полный,дизель,2.0 MT (112 л.с.),112,198000,False,815000,2009
kia,sportage,внедорожник,передний,бензин,2.0 MT (141 л.с.),141,173000,False,995000,2010
kia,sportage,внедорожник,полный,бензин,2.0 AT (150 л.с.),150,47373,False,2630000,2019
kia,sportage,внедорожник,полный,бензин,2.0 AT (150 л.с.),150,181000,False,1700000,2016
kia,sportage,внедорожник,передний,бензин,2.0 MT (141 л.с.),141,107200,False,980000,2010
kia,sportage,внедорожник,передний,бензин,2.0 MT (150 л.с.),150,87900,False,1649000,2015
kia,sportage,внедорожник,полный,бензин,2.4 AT (184 л.с.),184,82000,False,2200000,2018
kia,sportage,внедорожник,полный,дизель,2.0 MT (83 л.с.),83,217000,False,270000,2000
kia,sportage,внедорожник,полный,бензин,2.0 MT (141 л.с.),141,229000,False,740000,2005
kia,sportage,внедорожник,полный,дизель,2.0 AT (185 л.с.),185,51000,False,2430000,2018
kia,sportage,внедорожник,передний,бензин,2.0 MT (150 л.с.),150,136000,False,1326000,2012
kia,sportage,внедорожник,полный,бензин,2.0 AT (128 л.с.),128,265000,False,169000,1998
kia,sportage,внедорожник,полный,бензин,2.0 AT (150 л.с.),150,194058,False,1379000,2014
kia,sportage,внедорожник,передний,бензин,2.5 AT (187 л.с.),187,0,False,4650000,2023
kia,sportage,внедорожник,передний,бензин,2.0 AT (150 л.с.),150,149000,False,1790000,2016
kia,sportage,внедорожник,передний,бензин,2.0 MT (141 л.с.),141,172000,False,1100000,2009
kia,sportage,внедорожник,полный,бензин,2.0 MT (128 л.с.),128,280000,False,200000,1994
kia,sportage,внедорожник,полный,бензин,2.0 MT (150 л.с.),150,184940,False,1680000,2018
kia,sportage,внедорожник,передний,бензин,2.0 AT (150 л.с.),150,45000,False,2480000,2020
kia,sportage,внедорожник,полный,бензин,2.0 AT (150 л.с.),150,170900,False,1500000,2013
kia,sportage,внедорожник,полный,бензин,2.0 AT (150 л.с.),150,125000,False,1920000,2016
kia,sportage,внедорожник,передний,бензин,2.0 MT (141 л.с.),141,130000,False,1200000,2009
kia,sportage,внедорожник,передний,бензин,2.0 AT (150 л.с.),150,25000,False,2900000,2020
kia,sportage,внедорожник,полный,бензин,2.0 AT (150 л.с.),150,30000,False,2750000,2019
kia,sportage,внедорожник,передний,бензин,2.0 AT (150 л.с.),150,0,False,3400000,2023
kia,sportage,внедорожник,передний,бензин,2.0 AT (150 л.с.),150,111000,False,2350000,2019
kia,sportage,внедорожник,полный,бензин,2.0 AT (150 л.с.),150,1015,False,3499000,2022
kia,sportage,внедорожник,полный,бензин,2.0 MT (128 л.с.),128,258000,False,95000,1996
kia,sportage,внедорожник,полный,бензин,2.0 AT (150 л.с.),150,0,False,3850000,2023
kia,sportage,внедорожник,передний,бензин,2.0 AT (150 л.с.),150,105400,False,2115000,2018
kia,sportage,внедорожник,передний,бензин,2.0 AT (150 л.с.),150,102208,False,2349000,2018
kia,sportage,внедорожник,передний,бензин,2.0 MT (150 л.с.),150,55454,False,2059000,2017
kia,sportage,внедорожник,полный,бензин,2.4 AT (184 л.с.),184,81000,False,3009000,2021
kia,sportage,внедорожник,передний,бензин,2.0 AT (150 л.с.),150,111425,False,1975000,2016
kia,sportage,внедорожник,полный,бензин,2.0 AT (150 л.с.),150,37790,False,2510000,2018
kia,sportage,внедорожник,передний,бензин,2.0 AT (150 л.с.),150,0,False,3550000,2023
kia,sportage,внедорожник,передний,бензин,2.5 AT (187 л.с.),187,0,False,4250000,2023
kia,sportage,внедорожник,передний,бензин,2.5 AT (187 л.с.),187,0,False,4250000,2023
kia,sportage,внедорожник,передний,бензин,2.5 AT (187 л.с.),187,0,False,4250000,2023
kia,venga,минивэн,передний,бензин,1.4 MT (90 л.с.),90,131000,False,930000,2014
kia,venga,минивэн,передний,бензин,1.4 MT (90 л.с.),90,131000,False,930000,2014
land_rover,defender,внедорожник,полный,дизель,2.2 MT (122 л.с.),122,156000,False,3000000,2012
land_rover,defender,внедорожник,полный,дизель,2.0 AT (200 л.с.),200,63742,False,6549000,2021
land_rover,defender,внедорожник,полный,дизель,3.0 AT (300 л.с.),300,0,False,13900000,2023
land_rover,discovery,внедорожник,полный,дизель,3.0 AT (211 л.с.),211,291172,False,2250000,2014
land_rover,discovery,внедорожник,полный,бензин,4.0 MT (185 л.с.),185,453993,False,390000,1999
land_rover,discovery,внедорожник,полный,дизель,2.7 AT (190 л.с.),190,280000,False,980000,2008
land_rover,discovery,внедорожник,полный,дизель,2.7 AT (190 л.с.),190,300000,False,990000,2008
land_rover,discovery,внедорожник,полный,дизель,3.0 AT (211 л.с.),211,152000,False,2500000,2013
land_rover,discovery,внедорожник,полный,дизель,2.7 AT (190 л.с.),190,320000,False,1150000,2008
land_rover,discovery,внедорожник,полный,дизель,3.0 AT (249 л.с.),249,0,False,11500000,2022
land_rover,discovery,внедорожник,полный,дизель,2.7 AT (190 л.с.),190,283000,False,890000,2006
land_rover,discovery,внедорожник,полный,дизель,3.0 AT (211 л.с.),211,60400,False,6260000,2014
land_rover,discovery,внедорожник,полный,дизель,3.0 AT (249 л.с.),249,184447,False,4149000,2019
land_rover,discovery,внедорожник,полный,дизель,3.0 AT (249 л.с.),249,110000,False,4400000,2017
land_rover,discovery_sport,внедорожник,полный,дизель,2.0 AT (150 л.с.),150,105000,False,2950000,2018
land_rover,discovery_sport,внедорожник,полный,дизель,2.0 AT (150 л.с.),150,120000,False,2583000,2017
land_rover,discovery_sport,внедорожник,полный,дизель,2.0 AT (150 л.с.),150,123050,False,2600000,2016
land_rover,freelander,внедорожник,полный,дизель,2.2 AT (190 л.с.),190,165000,False,1660000,2012
land_rover,freelander,внедорожник,полный,дизель,2.2 AT (190 л.с.),190,89566,False,2079000,2012
land_rover,freelander,внедорожник,полный,дизель,2.2 AT (150 л.с.),150,203500,False,1800000,2013
land_rover,freelander,внедорожник,полный,дизель,2.2 MT (160 л.с.),160,270000,False,999999,2009
land_rover,freelander,внедорожник,полный,бензин,2.0 AT (240 л.с.),240,194000,False,1770000,2013
land_rover,freelander,внедорожник,полный,дизель,2.2 AT (160 л.с.),160,245000,False,1350000,2009
land_rover,range_rover,внедорожник,полный,бензин,5.0 AT (550 л.с.),550,140300,False,6363000,2014
land_rover,range_rover,внедорожник,полный,бензин,4.4 AT (286 л.с.),286,260000,False,899900,2003
land_rover,range_rover,внедорожник,полный,дизель,3.0 AT (249 л.с.),249,225000,False,11000000,2020
land_rover,range_rover_evoque,внедорожник,полный,бензин,2.0 AT (240 л.с.),240,126000,False,2600000,2013
land_rover,range_rover_evoque,внедорожник,полный,дизель,2.0 AT (150 л.с.),150,3500,False,6300000,2021
land_rover,range_rover_evoque,внедорожник,полный,дизель,2.2 AT (190 л.с.),190,279000,False,1790000,2012
land_rover,range_rover_evoque,внедорожник,полный,бензин,2.0 AT (240 л.с.),240,195000,False,2199000,2012
land_rover,range_rover_evoque,внедорожник,полный,дизель,2.2 AT (150 л.с.),150,208586,False,2199000,2013
land_rover,range_rover_evoque,внедорожник,полный,дизель,2.0 AT (150 л.с.),150,35655,False,4399000,2019
land_rover,range_rover_evoque,внедорожник,полный,дизель,2.2 AT (190 л.с.),190,57000,False,2900000,2014
land_rover,range_rover_sport,внедорожник,полный,дизель,3.0 AT (245 л.с.),245,178000,False,2299000,2013
land_rover,range_rover_sport,внедорожник,полный,дизель,3.0 AT (245 л.с.),245,198588,False,1949000,2010
land_rover,range_rover_sport,внедорожник,полный,дизель,3.0 AT (249 л.с.),249,150208,False,5799000,2019
land_rover,range_rover_sport,внедорожник,полный,дизель,3.0 AT (249 л.с.),249,218000,False,3100000,2014
land_rover,range_rover_sport,внедорожник,полный,бензин,3.0 AT (400 л.с.),400,0,False,19900000,2022
land_rover,range_rover_sport,внедорожник,полный,дизель,3.0 AT (249 л.с.),249,54532,False,7599000,2020
land_rover,range_rover_sport,внедорожник,полный,дизель,3.0 AT (249 л.с.),249,104000,False,5900000,2018
land_rover,range_rover_velar,внедорожник,полный,дизель,2.0 AT (180 л.с.),180,50730,False,4849000,2019
lexus,es,седан,передний,бензин,2.5 AT (200 л.с.),200,60000,False,5800000,2019
lexus,es,седан,передний,бензин,3.5 AT (302 л.с.),302,37020,False,4000000,2019
lexus,gx,внедорожник,полный,бензин,4.6 AT (296 л.с.),296,300000,False,2400000,2010
lexus,gx,внедорожник,полный,бензин,4.6 AT (296 л.с.),296,200000,False,4000000,2014
lexus,is,седан,задний,бензин,2.5 AT (208 л.с.),208,291670,False,939000,2007
lexus,is,седан,задний,бензин,2.5 AT (208 л.с.),208,158000,False,1350000,2008
lexus,ls,седан,задний,бензин,4.6 AT (381 л.с.),381,320000,False,630000,2007
lexus,ls,седан,полный,гибрид,5.0 CVT (394 л.с.),394,151167,False,2900000,2013
lexus,lx,внедорожник,полный,бензин,5.7 AT (367 л.с.),367,37080,False,13990000,2019
lexus,lx,внедорожник,полный,дизель,4.5 AT (272 л.с.),272,88233,False,8300000,2018
lexus,lx,внедорожник,полный,бензин,4.7 AT (234 л.с.),234,300000,False,1050000,1998
lexus,lx,внедорожник,полный,дизель,4.5 AT (272 л.с.),272,95000,False,7299000,2016
lexus,lx,внедорожник,полный,дизель,4.5 AT (272 л.с.),272,170000,False,10750000,2020
lexus,nx,внедорожник,передний,бензин,2.0 CVT (150 л.с.),150,128965,False,2679000,2016
lexus,nx,внедорожник,полный,бензин,2.0 CVT (150 л.с.),150,103907,False,3299000,2017
lexus,nx,внедорожник,передний,бензин,2.0 CVT (150 л.с.),150,150049,False,2990000,2017
lexus,nx,внедорожник,полный,бензин,2.0 CVT (150 л.с.),150,223000,False,2430000,2017
lexus,nx,внедорожник,полный,бензин,2.0 CVT (150 л.с.),150,164000,False,2750000,2015
lexus,nx,внедорожник,полный,бензин,2.0 CVT (150 л.с.),150,125000,False,2840000,2015
lexus,rx,внедорожник,полный,бензин,2.0 AT (238 л.с.),238,128000,False,4900000,2017
lexus,rx,внедорожник,полный,бензин,2.0 AT (238 л.с.),238,138883,False,5200000,2019
lexus,rx,внедорожник,полный,бензин,3.5 AT (276 л.с.),276,206000,False,1450000,2008
lexus,rx,внедорожник,полный,бензин,3.0 AT (204 л.с.),204,206000,False,1249000,2004
lexus,rx,внедорожник,полный,бензин,2.0 AT (238 л.с.),238,88908,False,4270000,2016
lexus,rx,внедорожник,полный,бензин,2.0 AT (238 л.с.),238,55000,False,5500000,2018
lexus,rx,внедорожник,полный,бензин,2.0 AT (238 л.с.),238,163500,False,3500000,2016
lexus,rx,внедорожник,передний,бензин,2.7 AT (188 л.с.),188,230000,False,2200000,2011
lexus,rx,внедорожник,полный,бензин,2.0 AT (238 л.с.),238,20426,False,6599000,2021
lexus,rx,внедорожник,полный,бензин,2.0 AT (238 л.с.),238,50500,False,5900000,2019
lexus,rx,внедорожник,полный,бензин,2.4 AT (249 л.с.),249,10,False,9900000,2023
lexus,ux,внедорожник,полный,гибрид,2.0 CVT (178 л.с.),178,31942,False,3199000,2018
lifan,breez_520,хетчбэк,передний,бензин,1.3 MT (89 л.с.),89,142000,False,150000,2010
lifan,cebrium_720,седан,передний,бензин,1.8 MT (128 л.с.),128,41000,False,559000,2014
lifan,solano,седан,передний,бензин,1.6 MT (106 л.с.),106,178906,False,279000,2012
lifan,solano,седан,передний,бензин,1.6 MT (106 л.с.),106,222222,True,75000,2011
lifan,solano,седан,передний,бензин,1.6 MT (106 л.с.),106,161000,False,245000,2011
lifan,solano,седан,передний,бензин,1.6 MT (106 л.с.),106,258000,False,119000,2010
lifan,solano,седан,передний,бензин,1.6 MT (106 л.с.),106,174000,False,255000,2011
lifan,solano,седан,передний,бензин,1.6 MT (106 л.с.),106,142023,False,130000,2012
lifan,solano,седан,передний,бензин,1.6 MT (106 л.с.),106,141000,False,240000,2013
lifan,solano,седан,передний,бензин,1.6 MT (106 л.с.),106,120000,True,150000,2012
lifan,x60,внедорожник,передний,бензин,1.8 MT (128 л.с.),128,208153,False,369000,2014
lifan,x60,внедорожник,передний,бензин,1.8 MT (128 л.с.),128,103978,False,689000,2016
lifan,x60,внедорожник,передний,бензин,1.8 CVT (128 л.с.),128,114685,False,899000,2017
lifan,x60,внедорожник,передний,бензин,1.8 MT (128 л.с.),128,163194,False,790000,2015
lifan,x60,внедорожник,передний,бензин,1.8 MT (128 л.с.),128,138000,False,790000,2015
livan,x3_pro,внедорожник,передний,бензин,1.5 CVT (103 л.с.),103,10,False,1249900,2023
lixiang,l7,внедорожник,полный,гибрид,1.5 AT (449 л.с.),449,30,False,8199000,2023
lixiang,l7,внедорожник,полный,гибрид,1.5 AT (449 л.с.),449,300,False,7890000,2023
mazda,3,седан,передний,бензин,1.6 MT (105 л.с.),105,205000,False,390000,2007
mazda,3,седан,передний,бензин,1.6 MT (105 л.с.),105,230000,False,450000,2010
mazda,3,седан,передний,бензин,1.6 MT (105 л.с.),105,190000,False,510000,2007
mazda,3,хетчбэк,передний,бензин,1.6 MT (105 л.с.),105,118000,False,570000,2007
mazda,3,седан,передний,бензин,1.6 MT (105 л.с.),105,212763,False,615000,2008
mazda,3,хетчбэк,передний,бензин,1.6 MT (105 л.с.),105,321000,False,440000,2007
mazda,3,седан,передний,бензин,2.0 AT (150 л.с.),150,186000,False,560000,2005
mazda,3,седан,передний,бензин,1.6 MT (105 л.с.),105,225000,False,560000,2007
mazda,3,седан,передний,бензин,2.5 AT (184 л.с.),184,90000,False,2350000,2019
mazda,3,седан,передний,бензин,2.5 AT (184 л.с.),184,11500,False,2190000,2020
mazda,3,седан,передний,бензин,1.6 AT (105 л.с.),105,213000,False,899000,2010
mazda,3,седан,передний,бензин,1.6 AT (105 л.с.),105,193873,False,699000,2007
mazda,3,седан,передний,бензин,1.6 MT (105 л.с.),105,260000,False,380000,2006
mazda,323,хетчбэк,передний,бензин,1.8 MT (114 л.с.),114,363000,True,50000,1998
mazda,323,седан,передний,бензин,1.6 MT (98 л.с.),98,299000,False,130000,2001
mazda,323,хетчбэк,передний,бензин,1.5 MT (88 л.с.),88,360000,False,120000,1996
mazda,323,седан,передний,бензин,1.5 MT (88 л.с.),88,370100,False,149500,1997
mazda,323,хетчбэк,передний,бензин,1.5 MT (88 л.с.),88,252500,False,115000,2000
mazda,6,седан,передний,бензин,2.0 AT (150 л.с.),150,0,False,3850000,2022
mazda,6,седан,передний,бензин,2.5 AT (194 л.с.),194,58395,False,1999000,2019
mazda,6,седан,передний,бензин,2.3 AT (166 л.с.),166,185000,False,350000,2004
mazda,6,седан,передний,бензин,1.8 MT (120 л.с.),120,150000,False,550000,2007
mazda,6,седан,передний,бензин,2.0 AT (150 л.с.),150,224140,False,1426000,2013
mazda,6,седан,передний,бензин,2.0 AT (150 л.с.),150,0,False,3850000,2022
mazda,6,седан,передний,бензин,2.3 AT (166 л.с.),166,210000,False,440000,2007
mazda,6,седан,передний,бензин,2.0 MT (147 л.с.),147,261679,False,819000,2010
mazda,6,седан,передний,бензин,2.0 AT (147 л.с.),147,116168,False,1300000,2011
mazda,6,универсал,передний,бензин,1.8 MT (120 л.с.),120,206000,False,750000,2008
mazda,6,седан,передний,бензин,2.0 AT (150 л.с.),150,152300,False,1690000,2013
mazda,6,седан,передний,бензин,2.0 MT (147 л.с.),147,187880,False,949000,2008
mazda,6,седан,передний,бензин,2.0 AT (150 л.с.),150,195000,False,1650000,2016
mazda,6,седан,передний,бензин,2.0 MT (147 л.с.),147,216000,False,500000,2007
mazda,6,седан,передний,бензин,1.8 MT (120 л.с.),120,168235,False,604000,2007
mazda,6,седан,передний,бензин,1.8 MT (120 л.с.),120,260000,False,800000,2008
mazda,6,седан,передний,бензин,1.8 MT (120 л.с.),120,247000,False,490000,2007
mazda,6,седан,передний,бензин,2.0 AT (147 л.с.),147,250000,True,210000,2007
mazda,6,седан,передний,бензин,2.5 AT (231 л.с.),231,86000,False,2499000,2018
mazda,6,седан,передний,бензин,2.5 AT (192 л.с.),192,155058,False,1750000,2014
mazda,6,седан,передний,бензин,1.8 MT (120 л.с.),120,240000,False,360000,2006
mazda,6,седан,передний,бензин,2.0 AT (147 л.с.),147,265884,False,535000,2008
mazda,6,седан,передний,бензин,2.0 AT (150 л.с.),150,103500,False,2079000,2018
mazda,6,седан,передний,бензин,2.5 AT (231 л.с.),231,90195,False,2999000,2019
mazda,6,седан,передний,бензин,1.8 MT (120 л.с.),120,310000,False,530000,2005
mazda,626,лифтбек,передний,бензин,1.8 MT (105 л.с.),105,348000,False,45000,1992
mazda,626,седан,передний,бензин,2.0 MT (115 л.с.),115,349756,False,95000,1994
mazda,626,седан,передний,бензин,2.0 AT (136 л.с.),136,184000,False,300000,2002
mazda,6_mps,седан,полный,бензин,2.3 MT (260 л.с.),260,190062,False,480000,2007
mazda,bongo_friendee,минивэн,полный,дизель,2.5 AT (130 л.с.),130,374000,False,350000,2001
mazda,cx,внедорожник,передний,бензин,2.0 AT (158 л.с.),158,0,False,3500000,2023
mazda,cx,внедорожник,передний,бензин,2.0 AT (158 л.с.),158,0,False,4150000,2023
mazda,cx,внедорожник,передний,бензин,2.0 AT (158 л.с.),158,0,False,4150000,2023
mazda,cx,внедорожник,передний,бензин,2.0 AT (158 л.с.),158,0,False,4300000,2023
mazda,cx,внедорожник,передний,бензин,2.0 AT (150 л.с.),150,0,False,4500000,2023
mazda,cx,внедорожник,полный,бензин,2.5 AT (194 л.с.),194,0,False,5235000,2022
mazda,cx,внедорожник,передний,бензин,2.0 AT (150 л.с.),150,0,False,4070000,2022
mazda,cx,внедорожник,передний,бензин,2.0 AT (150 л.с.),150,0,False,4500000,2023
mazda,cx,внедорожник,полный,бензин,2.0 AT (150 л.с.),150,0,False,5235000,2022
mazda,cx,внедорожник,передний,бензин,2.0 AT (150 л.с.),150,74870,False,2280000,2017
mazda,cx,внедорожник,передний,бензин,2.0 AT (150 л.с.),150,0,False,4070000,2022
mazda,cx,внедорожник,передний,бензин,2.0 AT (150 л.с.),150,0,False,4500000,2023
mazda,cx,внедорожник,передний,бензин,2.0 AT (150 л.с.),150,0,False,4500000,2023
mazda,cx,внедорожник,передний,бензин,2.0 AT (150 л.с.),150,0,False,4070000,2022
mazda,cx,внедорожник,полный,бензин,2.0 AT (150 л.с.),150,46709,False,3300000,2019
mazda,cx,внедорожник,полный,бензин,2.5 AT (194 л.с.),194,0,False,5235000,2022
mazda,cx,внедорожник,передний,бензин,2.0 AT (150 л.с.),150,0,False,4500000,2023
mazda,cx,внедорожник,передний,бензин,2.0 AT (150 л.с.),150,0,False,4500000,2023
mazda,cx,внедорожник,передний,бензин,2.0 AT (150 л.с.),150,0,False,4070000,2022
mazda,cx,внедорожник,полный,бензин,2.0 AT (150 л.с.),150,199941,False,1899000,2012
mazda,cx,внедорожник,передний,бензин,2.0 AT (150 л.с.),150,60000,False,1895000,2018
mazda,cx,внедорожник,полный,бензин,2.5 AT (194 л.с.),194,100005,False,2175000,2018
mazda,cx,внедорожник,полный,бензин,2.5 AT (192 л.с.),192,115500,False,1850000,2014
mazda,cx,внедорожник,передний,бензин,2.0 AT (150 л.с.),150,161800,False,1650000,2014
mazda,cx,внедорожник,передний,бензин,2.0 MT (150 л.с.),150,146700,False,1700000,2013
mazda,cx,внедорожник,передний,бензин,2.0 AT (150 л.с.),150,49816,False,2900000,2020
mazda,cx,внедорожник,передний,дизель,2.2 AT (150 л.с.),150,98000,False,2630000,2019
mazda,cx,внедорожник,полный,бензин,2.5 AT (194 л.с.),194,37200,False,3290000,2021
mazda,cx,внедорожник,передний,бензин,2.0 AT (150 л.с.),150,179000,False,1720000,2015
mazda,cx,внедорожник,передний,бензин,2.0 AT (150 л.с.),150,160200,False,1590000,2012
mazda,cx,внедорожник,полный,бензин,2.0 AT (150 л.с.),150,152000,False,1799000,2013
mazda,cx,внедорожник,полный,бензин,2.5 AT (194 л.с.),194,95000,False,2950000,2019
mazda,cx,внедорожник,полный,бензин,2.0 AT (150 л.с.),150,27808,False,3267000,2021
mazda,cx,внедорожник,полный,бензин,2.5 AT (194 л.с.),194,77000,False,2480000,2017
mazda,cx,внедорожник,полный,дизель,2.2 AT (184 л.с.),184,62024,False,3399000,2019
mazda,cx,внедорожник,полный,бензин,2.5 AT (194 л.с.),194,64823,False,3299000,2018
mazda,cx,внедорожник,передний,бензин,2.0 AT (150 л.с.),150,8600,False,3602000,2022
mazda,cx,внедорожник,полный,бензин,2.0 AT (150 л.с.),150,0,False,5235000,2022
mazda,cx,внедорожник,полный,бензин,2.5 AT (194 л.с.),194,0,False,5235000,2022
mazda,cx,внедорожник,полный,бензин,2.0 AT (150 л.с.),150,0,False,5235000,2022
mazda,cx,внедорожник,передний,бензин,2.0 AT (150 л.с.),150,0,False,4070000,2022
mazda,cx,внедорожник,полный,бензин,2.3 AT (238 л.с.),238,163000,False,625000,2008
mazda,cx,внедорожник,передний,бензин,2.5 AT (163 л.с.),163,198000,False,1368000,2011
mazda,cx,внедорожник,полный,бензин,2.5 AT (231 л.с.),231,52000,False,4760000,2020
mazda,cx,внедорожник,полный,бензин,2.5 AT (231 л.с.),231,0,False,6850000,2022
mazda,demio,хетчбэк,передний,бензин,1.5 MT (75 л.с.),75,295550,False,120000,2000
mazda,demio,хетчбэк,передний,бензин,1.3 MT (63 л.с.),63,129000,False,210000,2001
mazda,familia,седан,передний,бензин,1.6 MT (98 л.с.),98,298352,False,165000,2000
mazda,mpv,минивэн,передний,бензин,3.0 AT (200 л.с.),200,250000,True,380000,2002
mazda,tribute,внедорожник,полный,бензин,3.0 AT (197 л.с.),197,249926,False,400000,2001
mazda,xedos_6,седан,передний,бензин,2.0 MT (140 л.с.),140,441892,False,90000,1994
mazda,tribute,внедорожник,полный,бензин,3.0 AT (197 л.с.),197,249926,False,400000,2001
mercedes,190_w201,седан,задний,бензин,2.0 AT (102 л.с.),102,300000,False,77000,1986
mercedes,190_w201,седан,задний,бензин,2.0 MT (113 л.с.),113,346405,False,550000,1988
mercedes,190_w201,седан,задний,дизель,2.0 MT (75 л.с.),75,200000,False,250000,1985
mercedes,a,хетчбэк,передний,бензин,1.5 CVT (95 л.с.),95,174000,False,590000,2007
mercedes,a,хетчбэк,передний,бензин,1.7 MT (116 л.с.),116,270000,False,500000,2004
mercedes,a,хетчбэк,передний,бензин,1.7 CVT (116 л.с.),116,149000,False,600000,2008
mercedes,a,хетчбэк,полный,бензин,2.0 AMT (360 л.с.),360,104800,False,2300000,2014
mercedes,cla,седан,передний,бензин,1.6 AMT (156 л.с.),156,170000,False,1999999,2015
mercedes,cla,седан,полный,бензин,2.0 AMT (360 л.с.),360,96000,False,2295000,2015
mercedes,clk,купе,задний,бензин,2.3 AT (197 л.с.),197,267000,False,399000,2001
mercedes,clk,купе,задний,бензин,1.8 AT (163 л.с.),163,300187,False,850000,2004
mercedes,cls,седан,задний,дизель,3.0 AT (265 л.с.),265,167000,False,2150000,2011
mercedes,cls,седан,полный,бензин,4.7 AT (408 л.с.),408,199000,False,2250000,2011
mercedes,cls,седан,задний,бензин,3.5 AT (292 л.с.),292,295000,False,1600000,2008
mercedes,c,седан,задний,бензин,1.6 AT (156 л.с.),156,191000,False,1870000,2014
mercedes,c,купе,задний,бензин,1.8 AT (156 л.с.),156,173509,False,1575000,2011
mercedes,c,универсал,задний,дизель,2.1 AT (170 л.с.),170,115225,False,2449000,2018
mercedes,c,седан,задний,бензин,1.8 AT (184 л.с.),184,155500,False,980000,2007
mercedes,c,седан,задний,бензин,2.6 AT (170 л.с.),170,325000,False,380000,2002
mercedes,c,хетчбэк,задний,бензин,1.8 AT (143 л.с.),143,270000,False,550000,2004
mercedes,c,седан,задний,бензин,2.6 AT (170 л.с.),170,485000,False,444444,2003
mercedes,c,седан,задний,бензин,1.6 AT (156 л.с.),156,146800,False,2200000,2014
mercedes,c,седан,задний,бензин,1.8 AT (184 л.с.),184,282000,False,1045000,2007
mercedes,c,седан,задний,бензин,2.0 AT (163 л.с.),163,262000,False,530000,2000
mercedes,c,универсал,задний,бензин,1.8 AT (143 л.с.),143,490000,False,600000,2005
mercedes,c,седан,задний,бензин,1.8 AT (143 л.с.),143,208000,False,720000,2003
mercedes,c,седан,задний,бензин,1.8 AT (122 л.с.),122,187000,False,170000,1995
mercedes,c,седан,задний,бензин,1.6 AT (156 л.с.),156,262000,False,1200000,2012
mercedes,c,седан,задний,бензин,1.8 MT (122 л.с.),122,280000,True,60000,1996
mercedes,e,седан,задний,дизель,2.0 AT (150 л.с.),150,140000,False,3198000,2020
mercedes,e,универсал,задний,дизель,2.2 AT (150 л.с.),150,230000,False,890000,2004
mercedes,e,седан,полный,бензин,3.0 AT (231 л.с.),231,296000,False,1200000,2007
mercedes,e,седан,задний,бензин,2.3 AT (150 л.с.),150,205000,False,129000,1997
mercedes,e,седан,задний,бензин,2.0 AT (184 л.с.),184,162000,False,2300000,2014
mercedes,e,купе,задний,бензин,2.0 AT (184 л.с.),184,113000,False,2300000,2016
mercedes,e,седан,задний,бензин,1.8 AT (204 л.с.),204,125000,False,1430000,2009
mercedes,e,седан,полный,бензин,2.8 AT (204 л.с.),204,220000,False,500000,1997
mercedes,e,седан,задний,бензин,1.8 AT (184 л.с.),184,125000,False,1300000,2011
mercedes,e,седан,задний,бензин,2.6 AT (177 л.с.),177,370000,False,850000,2003
mercedes,e,седан,задний,бензин,2.0 AT (184 л.с.),184,83000,False,2600000,2017
mercedes,e,седан,полный,бензин,2.6 AT (177 л.с.),177,290537,False,659000,2004
mercedes,e,седан,полный,бензин,5.0 AT (306 л.с.),306,175000,False,999999,2004
mercedes,e,седан,задний,бензин,3.2 AT (224 л.с.),224,340000,False,730000,2003
mercedes,e,седан,задний,бензин,2.0 MT (136 л.с.),136,350000,False,85000,1997
mercedes,gla,внедорожник,передний,бензин,1.3 AMT (150 л.с.),150,6500,False,4550000,2020
mercedes,gla,внедорожник,передний,бензин,1.6 AMT (156 л.с.),156,74000,False,2500000,2015
mercedes,gla,внедорожник,полный,бензин,2.0 AMT (211 л.с.),211,112992,False,2099000,2015
mercedes,glc,внедорожник,полный,дизель,2.0 AT (194 л.с.),194,90384,False,3850000,2020
mercedes,glc,внедорожник,полный,гибрид,2.0 AT (211 л.с.),211,122456,False,3879000,2018
mercedes,glc,внедорожник,полный,дизель,2.0 AT (194 л.с.),194,44600,False,5690000,2021
mercedes,glc,внедорожник,полный,дизель,2.0 AT (194 л.с.),194,57000,False,4650000,2020
mercedes,glc,внедорожник,полный,бензин,3.0 AT (367 л.с.),367,57000,False,4420000,2018
mercedes,gle,внедорожник,полный,дизель,3.0 AT (249 л.с.),249,77000,False,4285000,2015
mercedes,gle,внедорожник,полный,дизель,2.0 AT (245 л.с.),245,15,False,12690000,2022
mercedes,gle,внедорожник,полный,дизель,3.0 AT (249 л.с.),249,55000,False,7500000,2018
mercedes,gle,внедорожник,полный,дизель,3.0 AT (258 л.с.),258,102200,False,4300000,2018
mercedes,gle,внедорожник,полный,дизель,2.0 AT (245 л.с.),245,26,False,12690000,2022
mercedes,gle,внедорожник,полный,дизель,2.0 AT (245 л.с.),245,6620,False,10850000,2021
mercedes,gle,внедорожник,полный,бензин,3.5 AT (249 л.с.),249,150600,False,3799000,2016
mercedes,gle,внедорожник,полный,дизель,2.0 AT (245 л.с.),245,77,False,12090000,2022
mercedes,gle,внедорожник,полный,бензин,3.0 AT (367 л.с.),367,20,False,15590000,2022
mercedes,gle,внедорожник,полный,бензин,3.0 AT (435 л.с.),435,26907,False,12215000,2021
mercedes,gle,внедорожник,полный,дизель,2.9 AT (249 л.с.),249,92953,False,9500000,2020
mercedes,gle,внедорожник,полный,дизель,2.9 AT (249 л.с.),249,55200,False,10790000,2021
mercedes,gle,внедорожник,полный,бензин,3.0 AT (333 л.с.),333,138000,False,5985000,2017
mercedes,gle,внедорожник,полный,дизель,2.9 AT (249 л.с.),249,20,False,14090000,2023
mercedes,glk,внедорожник,полный,бензин,2.0 AT (211 л.с.),211,181800,False,1920000,2013
mercedes,glk,внедорожник,полный,дизель,2.1 AT (170 л.с.),170,161054,False,2500000,2015
mercedes,glk,внедорожник,полный,бензин,3.0 AT (231 л.с.),231,175000,False,1420000,2009
mercedes,gls,внедорожник,полный,дизель,3.0 AT (249 л.с.),249,90000,False,3999999,2017
mercedes,gls,внедорожник,полный,бензин,3.0 AT (367 л.с.),367,91270,False,12900000,2021
mercedes,gls,внедорожник,полный,дизель,2.9 AT (330 л.с.),330,91600,False,9600000,2019
mercedes,gls,внедорожник,полный,дизель,3.0 AT (249 л.с.),249,104712,False,6150000,2018
mercedes,gls,внедорожник,полный,дизель,2.9 AT (330 л.с.),330,15,False,16280000,2022
mercedes,gls,внедорожник,полный,дизель,2.9 AT (330 л.с.),330,34,False,16280000,2022
mercedes,gl,внедорожник,полный,дизель,3.0 AT (249 л.с.),249,157981,False,3649000,2014
mercedes,gl,внедорожник,полный,дизель,3.0 AT (224 л.с.),224,277000,False,1550000,2009
mercedes,gl,внедорожник,полный,дизель,3.0 AT (249 л.с.),249,126173,False,3699000,2014
mercedes,gl,внедорожник,полный,бензин,3.0 AT (333 л.с.),333,270000,False,2300000,2014
mercedes,gl,внедорожник,полный,дизель,3.0 AT (224 л.с.),224,330000,False,1430000,2008
mercedes,gl,внедорожник,полный,бензин,5.5 AT (388 л.с.),388,223000,False,1800000,2011
mercedes,gl,внедорожник,полный,дизель,3.0 AT (249 л.с.),249,157981,False,3649000,2014
mercedes,gl,внедорожник,полный,дизель,3.0 AT (224 л.с.),224,277000,False,1550000,2009
mercedes,gl,внедорожник,полный,дизель,3.0 AT (249 л.с.),249,126173,False,3699000,2014
mercedes,gl,внедорожник,полный,бензин,3.0 AT (333 л.с.),333,270000,False,2300000,2014
mercedes,gl,внедорожник,полный,дизель,3.0 AT (224 л.с.),224,330000,False,1430000,2008
mercedes,gl,внедорожник,полный,бензин,5.5 AT (388 л.с.),388,223000,False,1800000,2011
mercedes,g,внедорожник,полный,дизель,2.9 AT (249 л.с.),249,18000,False,22200000,2021
